# relative_time, cycles_done, cur_item, corpus_count, pending_total, pending_favs, map_size, saved_crashes, saved_hangs, max_depth, execs_per_sec, total_execs, edges_found
65, 0, 2, 14, 4, 2, 7.10%, 0, 0, 1, 0.48, 88, 64
71, 0, 2, 14, 4, 2, 7.10%, 0, 0, 1, 0.77, 95, 64
77, 0, 2, 14, 4, 2, 7.10%, 0, 0, 1, 0.75, 99, 64
82, 0, 2, 14, 4, 2, 7.10%, 0, 0, 1, 0.72, 102, 64
89, 0, 2, 14, 4, 2, 7.10%, 0, 0, 1, 1.16, 109, 64
94, 0, 2, 14, 4, 2, 7.10%, 0, 0, 1, 1.17, 113, 64
99, 0, 2, 14, 4, 2, 7.10%, 0, 0, 1, 1.17, 118, 64
104, 0, 2, 14, 4, 2, 7.10%, 0, 0, 1, 1.10, 122, 64
110, 0, 2, 14, 4, 2, 7.10%, 0, 0, 1, 0.99, 126, 64
117, 0, 2, 14, 4, 2, 7.10%, 0, 0, 1, 0.92, 130, 64
122, 0, 2, 14, 4, 2, 7.10%, 0, 0, 1, 0.86, 133, 64
128, 0, 2, 14, 4, 2, 7.10%, 0, 0, 1, 0.80, 136, 64
144, 0, 2, 15, 5, 2, 7.21%, 0, 0, 2, 0.76, 146, 65
150, 0, 2, 17, 7, 2, 7.43%, 0, 0, 2, 3.72, 162, 67
156, 0, 2, 20, 10, 2, 7.76%, 0, 0, 2, 4.00, 187, 70
161, 0, 2, 21, 11, 2, 7.87%, 0, 0, 2, 3.64, 197, 71
172, 0, 2, 23, 13, 2, 7.98%, 0, 0, 2, 3.47, 216, 72
179, 0, 2, 25, 15, 2, 7.98%, 0, 0, 2, 3.41, 234, 72
186, 0, 2, 27, 17, 2, 8.20%, 0, 0, 2, 3.20, 252, 74
202, 0, 2, 28, 18, 2, 8.54%, 0, 0, 2, 0.50, 260, 77
209, 0, 2, 30, 20, 2, 8.65%, 0, 0, 2, 3.60, 277, 78
215, 0, 2, 31, 21, 2, 8.65%, 0, 0, 2, 3.37, 289, 78
229, 0, 2, 33, 23, 2, 8.76%, 0, 0, 2, 0.66, 306, 79
239, 0, 2, 34, 24, 2, 8.76%, 0, 0, 2, 3.85, 318, 79
245, 0, 2, 35, 25, 2, 8.76%, 0, 0, 2, 0.62, 329, 79
251, 0, 2, 37, 27, 2, 8.87%, 0, 0, 2, 3.99, 348, 80
257, 0, 2, 38, 28, 2, 8.98%, 0, 0, 2, 3.40, 363, 81
263, 0, 2, 39, 29, 2, 9.76%, 0, 0, 2, 3.06, 378, 88
270, 0, 2, 40, 30, 2, 9.76%, 0, 0, 2, 2.88, 387, 88
275, 0, 2, 40, 30, 2, 9.76%, 0, 0, 2, 2.74, 396, 88
282, 0, 2, 41, 31, 2, 9.76%, 0, 0, 2, 2.48, 406, 88
287, 0, 2, 41, 31, 2, 9.76%, 0, 0, 2, 2.36, 415, 88
295, 0, 2, 43, 33, 2, 10.20%, 0, 0, 2, 2.41, 432, 92
300, 0, 2, 43, 33, 2, 10.20%, 0, 0, 2, 2.53, 441, 92
307, 0, 2, 44, 34, 2, 10.20%, 0, 0, 2, 0.58, 452, 92
312, 0, 2, 45, 35, 2, 10.20%, 0, 0, 2, 2.92, 463, 92
318, 0, 2, 46, 36, 2, 10.31%, 0, 0, 2, 2.87, 485, 93
323, 0, 2, 46, 36, 2, 10.31%, 0, 0, 2, 2.55, 493, 93
329, 0, 2, 47, 37, 2, 10.42%, 0, 0, 2, 2.41, 503, 94
334, 0, 2, 47, 37, 2, 10.42%, 0, 0, 2, 2.31, 512, 94
346, 0, 2, 48, 38, 2, 10.53%, 0, 0, 2, 2.41, 525, 95
351, 0, 2, 48, 38, 2, 10.53%, 0, 0, 2, 2.41, 536, 95
356, 0, 2, 48, 38, 2, 10.53%, 0, 0, 2, 2.39, 546, 95
365, 0, 2, 49, 39, 2, 10.64%, 0, 0, 2, 2.28, 561, 96
370, 0, 2, 49, 39, 2, 10.64%, 0, 0, 2, 2.46, 573, 96
382, 0, 2, 50, 40, 2, 10.75%, 0, 0, 2, 3.74, 588, 97
392, 0, 2, 52, 42, 2, 10.86%, 0, 0, 2, 3.29, 607, 98
408, 0, 2, 53, 43, 2, 10.86%, 0, 0, 2, 0.57, 620, 98
413, 0, 2, 53, 43, 2, 10.86%, 0, 0, 2, 1.02, 627, 98
419, 0, 2, 53, 43, 2, 10.86%, 0, 0, 2, 1.16, 634, 98
430, 0, 2, 55, 45, 2, 10.86%, 0, 0, 2, 1.45, 652, 98
436, 0, 2, 56, 46, 2, 10.98%, 0, 0, 2, 1.63, 662, 99
444, 0, 2, 57, 47, 2, 11.09%, 0, 0, 2, 1.72, 675, 100
450, 0, 2, 57, 47, 2, 11.09%, 0, 0, 2, 1.97, 683, 100
455, 0, 2, 57, 47, 2, 11.09%, 0, 0, 2, 2.28, 694, 100
460, 0, 2, 57, 47, 2, 11.09%, 0, 0, 2, 2.68, 708, 100
466, 0, 2, 57, 47, 2, 11.09%, 0, 0, 2, 2.71, 721, 100
471, 0, 2, 57, 47, 2, 11.09%, 0, 0, 2, 2.87, 734, 100
491, 0, 2, 58, 48, 2, 11.09%, 0, 0, 2, 0.50, 748, 100
501, 0, 2, 59, 49, 2, 11.09%, 0, 0, 2, 0.53, 758, 100
509, 0, 2, 60, 50, 2, 11.20%, 0, 0, 2, 2.79, 771, 101
514, 0, 2, 60, 50, 2, 11.20%, 0, 0, 2, 2.74, 781, 101
519, 0, 2, 60, 50, 2, 11.20%, 0, 0, 2, 2.54, 792, 101
525, 0, 2, 61, 51, 2, 11.31%, 0, 0, 2, 2.53, 808, 102
530, 0, 2, 61, 51, 2, 11.31%, 0, 0, 2, 2.43, 816, 102
536, 0, 2, 61, 51, 2, 11.31%, 0, 0, 2, 2.16, 823, 102
541, 0, 2, 61, 51, 2, 11.31%, 0, 0, 2, 2.50, 834, 102
547, 0, 2, 61, 51, 2, 11.31%, 0, 0, 2, 2.79, 844, 102
552, 0, 2, 61, 51, 2, 11.31%, 0, 0, 2, 4.15, 852, 102
557, 0, 2, 62, 52, 2, 11.31%, 0, 0, 2, 3.63, 868, 102
562, 0, 2, 62, 52, 2, 11.31%, 0, 0, 2, 4.15, 876, 102
570, 0, 2, 63, 53, 2, 11.42%, 0, 0, 2, 3.53, 890, 103
575, 0, 2, 63, 53, 2, 11.42%, 0, 0, 2, 2.98, 901, 103
580, 0, 2, 63, 53, 2, 11.42%, 0, 0, 2, 2.73, 911, 103
585, 0, 2, 63, 53, 2, 11.42%, 0, 0, 2, 2.81, 925, 103
599, 0, 2, 64, 54, 2, 11.42%, 0, 0, 2, 2.71, 941, 103
605, 0, 2, 64, 54, 2, 11.42%, 0, 0, 2, 2.34, 948, 103
610, 0, 2, 64, 54, 2, 11.42%, 0, 0, 2, 2.52, 959, 103
616, 0, 2, 64, 54, 2, 11.42%, 0, 0, 2, 2.47, 970, 103
622, 0, 2, 64, 54, 2, 11.42%, 0, 0, 2, 2.49, 981, 103
627, 0, 2, 64, 54, 2, 11.42%, 0, 0, 2, 2.34, 991, 103
632, 0, 2, 64, 54, 2, 11.42%, 0, 0, 2, 2.30, 998, 103
638, 0, 2, 64, 54, 2, 11.42%, 0, 0, 2, 2.15, 1007, 103
645, 0, 2, 64, 54, 2, 11.42%, 0, 0, 2, 2.08, 1015, 103
650, 0, 2, 64, 54, 2, 11.42%, 0, 0, 2, 2.48, 1028, 103
657, 0, 2, 64, 54, 2, 11.42%, 0, 0, 2, 0.50, 1038, 103
662, 0, 2, 64, 54, 2, 11.42%, 0, 0, 2, 1.17, 1046, 103
668, 0, 2, 64, 54, 2, 11.42%, 0, 0, 2, 1.77, 1056, 103
674, 0, 2, 64, 54, 2, 11.42%, 0, 0, 2, 2.14, 1066, 103
679, 0, 2, 64, 54, 2, 11.42%, 0, 0, 2, 2.07, 1072, 103
684, 0, 2, 64, 54, 2, 11.42%, 0, 0, 2, 2.44, 1083, 103
697, 0, 2, 65, 55, 2, 11.53%, 0, 0, 2, 2.47, 1097, 104
702, 0, 2, 65, 55, 2, 11.53%, 0, 0, 2, 2.41, 1107, 104
717, 0, 2, 66, 56, 2, 11.53%, 0, 0, 2, 2.34, 1116, 104
723, 0, 2, 66, 56, 2, 11.53%, 0, 0, 2, 0.52, 1128, 104
728, 0, 2, 66, 56, 2, 11.53%, 0, 0, 2, 2.73, 1138, 104
734, 0, 2, 66, 56, 2, 11.53%, 0, 0, 2, 2.41, 1146, 104
739, 0, 2, 66, 56, 2, 11.53%, 0, 0, 2, 2.57, 1158, 104
745, 0, 2, 66, 56, 2, 11.53%, 0, 0, 2, 2.43, 1167, 104
750, 0, 2, 66, 56, 2, 11.53%, 0, 0, 2, 2.69, 1179, 104
755, 0, 2, 66, 56, 2, 11.53%, 0, 0, 2, 2.89, 1194, 104
761, 0, 2, 66, 56, 2, 11.53%, 0, 0, 2, 2.85, 1205, 104
767, 0, 2, 67, 57, 2, 11.53%, 0, 0, 2, 2.57, 1216, 104
772, 0, 2, 67, 57, 2, 11.53%, 0, 0, 2, 2.58, 1225, 104
778, 0, 2, 67, 57, 2, 11.53%, 0, 0, 2, 0.86, 1232, 104
783, 0, 2, 67, 57, 2, 11.53%, 0, 0, 2, 1.82, 1244, 104
789, 0, 2, 67, 57, 2, 11.53%, 0, 0, 2, 2.08, 1253, 104
796, 0, 2, 68, 58, 2, 11.64%, 0, 0, 2, 2.21, 1268, 105
804, 0, 2, 69, 59, 2, 11.75%, 0, 0, 2, 2.36, 1278, 106
810, 0, 2, 69, 59, 2, 11.75%, 0, 0, 2, 2.38, 1286, 106
816, 0, 2, 69, 59, 2, 11.75%, 0, 0, 2, 2.54, 1298, 106
821, 0, 2, 69, 59, 2, 11.75%, 0, 0, 2, 2.50, 1310, 106
827, 0, 2, 69, 59, 2, 11.75%, 0, 0, 2, 2.44, 1318, 106
846, 0, 2, 70, 60, 2, 11.75%, 0, 0, 2, 0.44, 1330, 106
852, 0, 2, 70, 60, 2, 11.75%, 0, 0, 2, 0.66, 1340, 106
858, 0, 2, 70, 60, 2, 11.75%, 0, 0, 2, 0.50, 1348, 106
863, 0, 2, 70, 60, 2, 11.75%, 0, 0, 2, 0.98, 1355, 106
868, 0, 2, 70, 60, 2, 11.75%, 0, 0, 2, 1.43, 1364, 106
874, 0, 2, 70, 60, 2, 11.75%, 0, 0, 2, 1.75, 1373, 106
879, 0, 2, 70, 60, 2, 11.75%, 0, 0, 2, 1.63, 1377, 106
884, 0, 2, 70, 60, 2, 11.75%, 0, 0, 2, 2.25, 1389, 106
889, 0, 2, 70, 60, 2, 11.75%, 0, 0, 2, 2.11, 1397, 106
895, 0, 2, 70, 60, 2, 11.75%, 0, 0, 2, 2.26, 1405, 106
901, 0, 2, 70, 60, 2, 11.75%, 0, 0, 2, 2.00, 1411, 106
906, 0, 2, 70, 60, 2, 11.75%, 0, 0, 2, 2.43, 1424, 106
911, 0, 2, 70, 60, 2, 11.75%, 0, 0, 2, 2.13, 1430, 106
916, 0, 2, 70, 60, 2, 11.75%, 0, 0, 2, 2.15, 1437, 106
923, 0, 2, 70, 60, 2, 11.75%, 0, 0, 2, 2.30, 1449, 106
929, 0, 2, 70, 60, 2, 11.75%, 0, 0, 2, 2.13, 1456, 106
935, 0, 2, 70, 60, 2, 11.75%, 0, 0, 2, 1.94, 1462, 106
940, 0, 2, 70, 60, 2, 11.75%, 0, 0, 2, 2.56, 1474, 106
954, 0, 2, 71, 61, 2, 11.75%, 0, 0, 2, 2.26, 1488, 106
961, 0, 2, 71, 61, 2, 11.75%, 0, 0, 2, 2.18, 1498, 106
967, 0, 2, 71, 61, 2, 11.75%, 0, 0, 2, 2.17, 1505, 106
972, 0, 2, 71, 61, 2, 11.75%, 0, 0, 2, 2.54, 1517, 106
977, 0, 2, 71, 61, 2, 11.75%, 0, 0, 2, 2.31, 1524, 106
982, 0, 2, 71, 61, 2, 11.75%, 0, 0, 2, 2.56, 1535, 106
987, 0, 2, 71, 61, 2, 11.75%, 0, 0, 2, 2.38, 1541, 106
993, 0, 2, 71, 61, 2, 11.75%, 0, 0, 2, 2.15, 1548, 106
1009, 0, 2, 72, 62, 2, 11.75%, 0, 0, 2, 1.93, 1560, 106
1014, 0, 2, 72, 62, 2, 11.75%, 0, 0, 2, 2.35, 1571, 106
1019, 0, 2, 72, 62, 2, 11.75%, 0, 0, 2, 2.20, 1579, 106
1024, 0, 2, 72, 62, 2, 11.75%, 0, 0, 2, 2.55, 1592, 106
1030, 0, 2, 72, 62, 2, 11.75%, 0, 0, 2, 2.70, 1604, 106
1035, 0, 2, 72, 62, 2, 11.75%, 0, 0, 2, 2.64, 1614, 106
1041, 0, 2, 72, 62, 2, 11.75%, 0, 0, 2, 2.37, 1622, 106
1046, 0, 2, 72, 62, 2, 11.75%, 0, 0, 2, 2.62, 1635, 106
1051, 0, 2, 72, 62, 2, 11.75%, 0, 0, 2, 0.50, 1643, 106
1056, 0, 2, 72, 62, 2, 11.75%, 0, 0, 2, 3.78, 1651, 106
1062, 0, 2, 72, 62, 2, 11.75%, 0, 0, 2, 0.45, 1656, 106
1069, 0, 2, 72, 62, 2, 11.75%, 0, 0, 2, 0.50, 1664, 106
1074, 0, 2, 72, 62, 2, 11.75%, 0, 0, 2, 4.09, 1672, 106
1081, 0, 2, 72, 62, 2, 11.75%, 0, 0, 2, 0.48, 1682, 106
1086, 0, 2, 72, 62, 2, 11.75%, 0, 0, 2, 3.23, 1693, 106
1091, 0, 2, 72, 62, 2, 11.75%, 0, 0, 2, 0.50, 1699, 106
1096, 0, 2, 72, 62, 2, 11.75%, 0, 0, 2, 3.69, 1707, 106
1102, 0, 2, 72, 62, 2, 11.75%, 0, 0, 2, 3.07, 1716, 106
1108, 0, 2, 72, 62, 2, 11.75%, 0, 0, 2, 0.50, 1726, 106
1113, 0, 2, 72, 62, 2, 11.75%, 0, 0, 2, 4.05, 1732, 106
1118, 0, 2, 72, 62, 2, 11.75%, 0, 0, 2, 0.83, 1741, 106
1123, 0, 2, 72, 62, 2, 11.75%, 0, 0, 2, 1.33, 1748, 106
1129, 0, 2, 72, 62, 2, 11.75%, 0, 0, 2, 1.81, 1758, 106
1135, 0, 2, 72, 62, 2, 11.75%, 0, 0, 2, 2.11, 1769, 106
1141, 0, 2, 72, 62, 2, 11.75%, 0, 0, 2, 2.07, 1778, 106
1146, 0, 2, 72, 62, 2, 11.75%, 0, 0, 2, 2.23, 1789, 106
1151, 0, 2, 72, 62, 2, 11.75%, 0, 0, 2, 2.57, 1800, 106
1157, 0, 2, 72, 62, 2, 11.75%, 0, 0, 2, 2.57, 1812, 106
1164, 0, 2, 73, 63, 2, 11.86%, 0, 0, 2, 2.40, 1826, 107
1170, 0, 2, 73, 63, 2, 11.86%, 0, 0, 2, 2.56, 1837, 107
1175, 0, 2, 73, 63, 2, 11.86%, 0, 0, 2, 2.39, 1847, 107
1181, 0, 2, 73, 63, 2, 11.86%, 0, 0, 2, 2.22, 1856, 107
1187, 0, 2, 73, 63, 2, 11.86%, 0, 0, 2, 2.23, 1866, 107
1192, 0, 2, 73, 63, 2, 11.86%, 0, 0, 2, 2.13, 1872, 107
1199, 0, 2, 73, 63, 2, 11.86%, 0, 0, 2, 2.42, 1884, 107
1204, 0, 2, 73, 63, 2, 11.86%, 0, 0, 2, 3.88, 1891, 107
1209, 0, 2, 73, 63, 2, 11.86%, 0, 0, 2, 3.26, 1904, 107
1214, 0, 2, 73, 63, 2, 11.86%, 0, 0, 2, 3.13, 1910, 107
1219, 0, 2, 73, 63, 2, 11.86%, 0, 0, 2, 3.10, 1918, 107
1226, 0, 2, 74, 64, 2, 11.97%, 0, 0, 2, 2.90, 1930, 108
1231, 0, 2, 74, 64, 2, 11.97%, 0, 0, 2, 0.57, 1934, 108
1236, 0, 2, 74, 64, 2, 11.97%, 0, 0, 2, 0.59, 1944, 108
1242, 0, 2, 74, 64, 2, 11.97%, 0, 0, 2, 2.64, 1953, 108
1249, 0, 2, 74, 64, 2, 11.97%, 0, 0, 2, 0.48, 1963, 108
1254, 0, 2, 74, 64, 2, 11.97%, 0, 0, 2, 3.85, 1971, 108
1259, 0, 2, 74, 64, 2, 11.97%, 0, 0, 2, 3.15, 1981, 108
1264, 0, 2, 74, 64, 2, 11.97%, 0, 0, 2, 3.82, 1989, 108
1269, 0, 2, 74, 64, 2, 11.97%, 0, 0, 2, 3.69, 1998, 108
1275, 0, 2, 74, 64, 2, 11.97%, 0, 0, 2, 0.50, 2005, 108
1280, 0, 2, 74, 64, 2, 11.97%, 0, 0, 2, 2.81, 2014, 108
1286, 0, 2, 74, 64, 2, 11.97%, 0, 0, 2, 2.62, 2023, 108
1291, 0, 2, 74, 64, 2, 11.97%, 0, 0, 2, 2.30, 2031, 108
1296, 0, 2, 74, 64, 2, 11.97%, 0, 0, 2, 2.34, 2038, 108
1302, 0, 2, 74, 64, 2, 11.97%, 0, 0, 2, 2.22, 2044, 108
1307, 0, 2, 74, 64, 2, 11.97%, 0, 0, 2, 2.27, 2051, 108
1312, 0, 2, 74, 64, 2, 11.97%, 0, 0, 2, 2.13, 2059, 108
1317, 0, 2, 74, 64, 2, 11.97%, 0, 0, 2, 2.31, 2069, 108
1322, 0, 2, 74, 64, 2, 11.97%, 0, 0, 2, 2.19, 2078, 108
1328, 0, 2, 74, 64, 2, 11.97%, 0, 0, 2, 2.45, 2090, 108
1333, 0, 2, 74, 64, 2, 11.97%, 0, 0, 2, 2.57, 2101, 108
1338, 0, 2, 74, 64, 2, 11.97%, 0, 0, 2, 2.36, 2110, 108
1343, 0, 2, 74, 64, 2, 11.97%, 0, 0, 2, 2.07, 2118, 108
1348, 0, 2, 74, 64, 2, 11.97%, 0, 0, 2, 2.15, 2125, 108
1354, 0, 2, 74, 64, 2, 11.97%, 0, 0, 2, 2.24, 2135, 108
1359, 0, 2, 74, 64, 2, 11.97%, 0, 0, 2, 2.87, 2149, 108
1364, 0, 2, 74, 64, 2, 11.97%, 0, 0, 2, 2.66, 2160, 108
1369, 0, 2, 74, 64, 2, 11.97%, 0, 0, 2, 2.33, 2167, 108
1374, 0, 2, 74, 64, 2, 11.97%, 0, 0, 2, 2.18, 2177, 108
1380, 0, 2, 74, 64, 2, 11.97%, 0, 0, 2, 2.08, 2184, 108
1385, 0, 2, 74, 64, 2, 11.97%, 0, 0, 2, 2.13, 2194, 108
1391, 0, 2, 74, 64, 2, 11.97%, 0, 0, 2, 1.99, 2204, 108
1396, 0, 2, 74, 64, 2, 11.97%, 0, 0, 2, 1.83, 2211, 108
1401, 0, 2, 74, 64, 2, 11.97%, 0, 0, 2, 1.81, 2217, 108
1407, 0, 2, 74, 64, 2, 11.97%, 0, 0, 2, 1.61, 2221, 108
1412, 0, 2, 74, 64, 2, 11.97%, 0, 0, 2, 1.90, 2232, 108
1418, 0, 2, 74, 64, 2, 11.97%, 0, 0, 2, 1.86, 2241, 108
1423, 0, 2, 74, 64, 2, 11.97%, 0, 0, 2, 1.66, 2248, 108
1428, 0, 2, 74, 64, 2, 11.97%, 0, 0, 2, 1.77, 2255, 108
1434, 0, 2, 74, 64, 2, 11.97%, 0, 0, 2, 1.55, 2260, 108
1439, 0, 2, 74, 64, 2, 11.97%, 0, 0, 2, 1.96, 2269, 108
1444, 0, 38, 74, 62, 26, 11.97%, 0, 0, 2, 3.44, 2297, 108
1450, 0, 38, 74, 62, 26, 11.97%, 0, 0, 2, 4.00, 2318, 108
1455, 0, 38, 74, 62, 26, 11.97%, 0, 0, 2, 3.83, 2336, 108
1460, 0, 38, 75, 63, 26, 12.08%, 0, 0, 3, 3.85, 2357, 109
1465, 0, 38, 75, 63, 26, 12.08%, 0, 0, 3, 3.82, 2376, 109
1470, 0, 38, 75, 63, 26, 12.08%, 0, 0, 3, 3.84, 2396, 109
1476, 0, 38, 75, 63, 26, 12.08%, 0, 0, 3, 3.16, 2408, 109
1481, 0, 38, 75, 63, 26, 12.08%, 0, 0, 3, 2.58, 2414, 109
1486, 0, 38, 76, 64, 26, 12.20%, 0, 0, 3, 2.85, 2429, 110
1491, 0, 38, 76, 64, 26, 12.20%, 0, 0, 3, 3.64, 2449, 110
1496, 0, 38, 76, 64, 26, 12.20%, 0, 0, 3, 3.76, 2468, 110
1502, 0, 38, 76, 64, 26, 12.20%, 0, 0, 3, 3.82, 2488, 110
1507, 0, 38, 76, 64, 26, 12.20%, 0, 0, 3, 3.79, 2508, 110
1512, 0, 38, 77, 65, 26, 12.31%, 0, 0, 3, 3.83, 2528, 111
1517, 0, 38, 77, 65, 26, 12.31%, 0, 0, 3, 3.72, 2545, 111
1523, 0, 45, 77, 64, 26, 12.31%, 0, 0, 3, 6.10, 2577, 111
1528, 0, 45, 77, 64, 26, 12.31%, 0, 0, 3, 4.39, 2592, 111
1533, 0, 45, 77, 64, 26, 12.31%, 0, 0, 3, 3.36, 2605, 111
1538, 0, 45, 77, 64, 26, 12.31%, 0, 0, 3, 3.58, 2622, 111
1544, 0, 45, 77, 64, 26, 12.31%, 0, 0, 3, 4.00, 2653, 111
1549, 0, 45, 77, 64, 26, 12.31%, 0, 0, 3, 3.55, 2671, 111
1554, 0, 45, 77, 64, 26, 12.31%, 0, 0, 3, 2.80, 2681, 111
1562, 0, 45, 78, 65, 26, 12.31%, 0, 0, 3, 2.67, 2697, 111
1567, 0, 45, 78, 65, 26, 12.31%, 0, 0, 3, 2.93, 2712, 111
1572, 0, 45, 78, 65, 26, 12.31%, 0, 0, 3, 2.48, 2722, 111
1577, 0, 45, 78, 65, 26, 12.31%, 0, 0, 3, 4.09, 2752, 111
1582, 0, 37, 78, 64, 25, 12.31%, 0, 0, 3, 4.39, 2776, 111
1589, 0, 37, 79, 65, 25, 12.31%, 0, 0, 3, 3.98, 2794, 111
1596, 0, 37, 80, 66, 25, 12.31%, 0, 0, 3, 4.05, 2813, 111
1601, 0, 37, 80, 66, 25, 12.31%, 0, 0, 3, 4.50, 2837, 111
1624, 0, 37, 82, 68, 25, 12.31%, 0, 0, 3, 0.44, 2869, 111
1630, 0, 37, 83, 69, 25, 12.31%, 0, 0, 3, 3.89, 2895, 111
1635, 0, 37, 83, 69, 25, 12.31%, 0, 0, 3, 4.64, 2920, 111
1641, 0, 37, 83, 69, 25, 12.31%, 0, 0, 3, 5.07, 2948, 111
1646, 0, 37, 83, 69, 25, 12.31%, 0, 0, 3, 4.42, 2968, 111
1659, 0, 37, 84, 70, 25, 12.31%, 0, 0, 3, 0.66, 2981, 111
1664, 0, 37, 84, 70, 25, 12.31%, 0, 0, 3, 4.41, 3003, 111
1669, 0, 37, 84, 70, 25, 12.31%, 0, 0, 3, 4.81, 3029, 111
1675, 0, 37, 84, 70, 25, 12.31%, 0, 0, 3, 4.66, 3051, 111
1680, 0, 37, 84, 70, 25, 12.31%, 0, 0, 3, 4.34, 3072, 111
1685, 0, 37, 84, 70, 25, 12.31%, 0, 0, 3, 4.48, 3096, 111
1690, 0, 37, 84, 70, 25, 12.31%, 0, 0, 3, 4.64, 3119, 111
1695, 0, 37, 84, 70, 25, 12.31%, 0, 0, 3, 4.55, 3143, 111
1700, 0, 37, 84, 70, 25, 12.31%, 0, 0, 3, 4.24, 3164, 111
1705, 0, 37, 84, 70, 25, 12.31%, 0, 0, 3, 4.33, 3186, 111
1711, 0, 37, 84, 70, 25, 12.31%, 0, 0, 3, 4.11, 3207, 111
1716, 0, 37, 84, 70, 25, 12.31%, 0, 0, 3, 4.21, 3229, 111
1721, 0, 37, 84, 70, 25, 12.31%, 0, 0, 3, 4.32, 3251, 111
1726, 0, 37, 84, 70, 25, 12.31%, 0, 0, 3, 4.54, 3276, 111
1731, 0, 37, 84, 70, 25, 12.31%, 0, 0, 3, 4.29, 3298, 111
1736, 0, 37, 86, 72, 25, 12.42%, 0, 0, 3, 4.13, 3318, 112
1742, 0, 37, 86, 72, 25, 12.42%, 0, 0, 3, 4.21, 3339, 112
1747, 0, 37, 86, 72, 25, 12.42%, 0, 0, 3, 4.79, 3364, 112
1752, 0, 37, 86, 72, 25, 12.42%, 0, 0, 3, 4.20, 3385, 112
1757, 0, 37, 86, 72, 25, 12.42%, 0, 0, 3, 4.42, 3407, 112
1762, 0, 37, 86, 72, 25, 12.42%, 0, 0, 3, 4.23, 3426, 112
1767, 0, 37, 86, 72, 25, 12.42%, 0, 0, 3, 4.33, 3449, 112
1772, 0, 37, 86, 72, 25, 12.42%, 0, 0, 3, 4.34, 3472, 112
1777, 0, 37, 86, 72, 25, 12.42%, 0, 0, 3, 4.16, 3493, 112
1783, 0, 37, 86, 72, 25, 12.42%, 0, 0, 3, 4.39, 3516, 112
1788, 0, 37, 86, 72, 25, 12.42%, 0, 0, 3, 4.66, 3541, 112
1793, 0, 37, 86, 72, 25, 12.42%, 0, 0, 3, 5.34, 3567, 112
1798, 0, 37, 86, 72, 25, 12.42%, 0, 0, 3, 4.48, 3589, 112
1803, 0, 37, 86, 72, 25, 12.42%, 0, 0, 3, 4.62, 3612, 112
1808, 0, 37, 86, 72, 25, 12.42%, 0, 0, 3, 4.15, 3632, 112
1814, 0, 37, 86, 72, 25, 12.42%, 0, 0, 3, 3.91, 3651, 112
1819, 0, 37, 86, 72, 25, 12.42%, 0, 0, 3, 3.80, 3670, 112
1824, 0, 37, 86, 72, 25, 12.42%, 0, 0, 3, 3.77, 3690, 112
1829, 0, 37, 86, 72, 25, 12.42%, 0, 0, 3, 3.81, 3710, 112
1834, 0, 37, 86, 72, 25, 12.42%, 0, 0, 3, 3.80, 3729, 112
1840, 0, 37, 86, 72, 25, 12.42%, 0, 0, 3, 3.93, 3750, 112
1845, 0, 37, 86, 72, 25, 12.42%, 0, 0, 3, 3.86, 3770, 112
1850, 0, 37, 86, 72, 25, 12.42%, 0, 0, 3, 3.83, 3790, 112
1855, 0, 41, 86, 70, 25, 12.42%, 0, 0, 3, 3.04, 3800, 112
1860, 0, 41, 86, 70, 25, 12.42%, 0, 0, 3, 2.66, 3811, 112
1866, 0, 41, 86, 70, 25, 12.42%, 0, 0, 3, 2.65, 3824, 112
1871, 0, 41, 86, 70, 25, 12.42%, 0, 0, 3, 2.43, 3835, 112
1876, 0, 41, 86, 70, 25, 12.42%, 0, 0, 3, 2.22, 3845, 112
1881, 0, 41, 86, 70, 25, 12.42%, 0, 0, 3, 2.88, 3860, 112
1888, 0, 41, 86, 70, 25, 12.42%, 0, 0, 3, 2.53, 3871, 112
1893, 0, 41, 86, 70, 25, 12.42%, 0, 0, 3, 2.35, 3882, 112
1898, 0, 41, 86, 70, 25, 12.42%, 0, 0, 3, 2.55, 3892, 112
1904, 0, 41, 86, 70, 25, 12.42%, 0, 0, 3, 2.49, 3905, 112
1909, 0, 41, 86, 70, 25, 12.42%, 0, 0, 3, 2.32, 3916, 112
1914, 0, 41, 86, 70, 25, 12.42%, 0, 0, 3, 3.03, 3932, 112
1923, 0, 41, 87, 71, 25, 12.42%, 0, 0, 3, 2.97, 3954, 112
1929, 0, 41, 87, 71, 25, 12.42%, 0, 0, 3, 2.47, 3964, 112
1934, 0, 41, 87, 71, 25, 12.42%, 0, 0, 3, 2.22, 3974, 112
1939, 0, 41, 87, 71, 25, 12.42%, 0, 0, 3, 2.11, 3984, 112
1944, 0, 41, 87, 71, 25, 12.42%, 0, 0, 3, 3.11, 4000, 112
1949, 0, 41, 87, 71, 25, 12.42%, 0, 0, 3, 2.63, 4011, 112
1955, 0, 41, 87, 71, 25, 12.42%, 0, 0, 3, 2.38, 4022, 112
1960, 0, 78, 87, 70, 24, 12.42%, 0, 0, 3, 2.35, 4034, 112
1965, 0, 78, 87, 70, 24, 12.42%, 0, 0, 3, 3.17, 4050, 112
1970, 0, 78, 87, 70, 24, 12.42%, 0, 0, 3, 2.59, 4060, 112
1975, 0, 78, 87, 70, 24, 12.42%, 0, 0, 3, 2.31, 4070, 112
1981, 0, 78, 87, 70, 24, 12.42%, 0, 0, 3, 2.13, 4080, 112
1986, 0, 78, 87, 70, 24, 12.42%, 0, 0, 3, 2.14, 4091, 112
1991, 0, 78, 87, 70, 24, 12.42%, 0, 0, 3, 2.16, 4102, 112
1996, 0, 78, 87, 70, 24, 12.42%, 0, 0, 3, 2.38, 4113, 112
2002, 0, 78, 87, 70, 24, 12.42%, 0, 0, 3, 2.85, 4129, 112
2007, 0, 78, 87, 70, 24, 12.42%, 0, 0, 3, 2.41, 4139, 112
2012, 0, 78, 87, 70, 24, 12.42%, 0, 0, 3, 2.20, 4149, 112
2017, 0, 78, 87, 70, 24, 12.42%, 0, 0, 3, 2.09, 4159, 112
2022, 0, 78, 87, 70, 24, 12.42%, 0, 0, 3, 2.12, 4170, 112
2028, 0, 78, 87, 70, 24, 12.42%, 0, 0, 3, 2.03, 4180, 112
2033, 0, 78, 87, 70, 24, 12.42%, 0, 0, 3, 2.02, 4190, 112
2038, 0, 78, 87, 70, 24, 12.42%, 0, 0, 3, 2.08, 4201, 112
2043, 0, 68, 87, 69, 23, 12.42%, 0, 0, 3, 2.13, 4210, 112
2049, 0, 68, 87, 69, 23, 12.42%, 0, 0, 3, 1.80, 4216, 112
2054, 0, 68, 87, 69, 23, 12.42%, 0, 0, 3, 1.98, 4225, 112
2059, 0, 68, 87, 69, 23, 12.42%, 0, 0, 3, 1.75, 4232, 112
2064, 0, 68, 87, 69, 23, 12.42%, 0, 0, 3, 2.37, 4242, 112
2069, 0, 68, 87, 69, 23, 12.42%, 0, 0, 3, 2.21, 4252, 112
2075, 0, 68, 87, 69, 23, 12.42%, 0, 0, 3, 2.91, 4268, 112
2080, 0, 68, 87, 69, 23, 12.42%, 0, 0, 3, 2.40, 4276, 112
2086, 0, 68, 87, 69, 23, 12.42%, 0, 0, 3, 2.28, 4286, 112
2091, 0, 68, 87, 69, 23, 12.42%, 0, 0, 3, 3.11, 4302, 112
2096, 0, 68, 87, 69, 23, 12.42%, 0, 0, 3, 2.87, 4314, 112
2102, 0, 68, 87, 69, 23, 12.42%, 0, 0, 3, 2.35, 4321, 112
2107, 0, 68, 87, 69, 23, 12.42%, 0, 0, 3, 2.11, 4329, 112
2112, 0, 68, 87, 69, 23, 12.42%, 0, 0, 3, 2.02, 4339, 112
2118, 0, 68, 87, 69, 23, 12.42%, 0, 0, 3, 2.30, 4351, 112
2123, 0, 68, 87, 69, 23, 12.42%, 0, 0, 3, 1.96, 4357, 112
2128, 0, 68, 87, 69, 23, 12.42%, 0, 0, 3, 2.19, 4366, 112
2133, 0, 68, 87, 69, 23, 12.42%, 0, 0, 3, 2.65, 4381, 112
2138, 0, 68, 87, 69, 23, 12.42%, 0, 0, 3, 3.01, 4395, 112
2144, 0, 68, 87, 69, 23, 12.42%, 0, 0, 3, 2.65, 4403, 112
2149, 0, 68, 87, 69, 23, 12.42%, 0, 0, 3, 2.19, 4408, 112
2154, 0, 68, 87, 69, 23, 12.42%, 0, 0, 3, 2.03, 4416, 112
2161, 0, 84, 88, 69, 22, 12.42%, 0, 0, 4, 2.53, 4436, 112
2166, 0, 84, 88, 69, 22, 12.42%, 0, 0, 4, 3.25, 4453, 112
2171, 0, 84, 88, 69, 22, 12.42%, 0, 0, 4, 3.57, 4472, 112
2177, 0, 84, 88, 69, 22, 12.42%, 0, 0, 4, 3.14, 4487, 112
2182, 0, 84, 88, 69, 22, 12.42%, 0, 0, 4, 3.28, 4501, 112
2187, 0, 84, 88, 69, 22, 12.42%, 0, 0, 4, 3.60, 4520, 112
2192, 0, 84, 88, 69, 22, 12.42%, 0, 0, 4, 3.75, 4539, 112
2197, 0, 84, 88, 69, 22, 12.42%, 0, 0, 4, 3.77, 4558, 112
2202, 0, 84, 88, 69, 22, 12.42%, 0, 0, 4, 3.24, 4572, 112
2208, 0, 84, 88, 69, 22, 12.42%, 0, 0, 4, 3.32, 4587, 112
2213, 0, 84, 88, 69, 22, 12.42%, 0, 0, 4, 3.35, 4604, 112
2219, 0, 84, 89, 70, 22, 12.42%, 0, 0, 4, 2.99, 4616, 112
2224, 0, 84, 89, 70, 22, 12.42%, 0, 0, 4, 2.48, 4626, 112
2229, 0, 84, 89, 70, 22, 12.42%, 0, 0, 4, 2.93, 4640, 112
2234, 0, 31, 89, 69, 21, 12.42%, 0, 0, 4, 3.48, 4659, 112
2239, 0, 31, 89, 69, 21, 12.42%, 0, 0, 4, 3.85, 4679, 112
2244, 0, 31, 89, 69, 21, 12.42%, 0, 0, 4, 4.21, 4701, 112
2250, 0, 31, 89, 69, 21, 12.42%, 0, 0, 4, 3.99, 4722, 112
2255, 0, 67, 89, 68, 20, 12.42%, 0, 0, 4, 3.95, 4742, 112
2260, 0, 67, 89, 68, 20, 12.42%, 0, 0, 4, 3.88, 4761, 112
2265, 0, 67, 89, 68, 20, 12.42%, 0, 0, 4, 3.97, 4781, 112
2270, 0, 67, 89, 68, 20, 12.42%, 0, 0, 4, 3.87, 4800, 112
2275, 0, 67, 89, 68, 20, 12.42%, 0, 0, 4, 3.87, 4820, 112
2280, 0, 67, 89, 68, 20, 12.42%, 0, 0, 4, 3.92, 4840, 112
2285, 0, 67, 89, 68, 20, 12.42%, 0, 0, 4, 3.87, 4859, 112
2290, 0, 67, 89, 68, 20, 12.42%, 0, 0, 4, 4.17, 4883, 112
2296, 0, 67, 89, 68, 20, 12.42%, 0, 0, 4, 3.90, 4903, 112
2301, 0, 67, 89, 68, 20, 12.42%, 0, 0, 4, 3.82, 4922, 112
2306, 0, 67, 90, 69, 20, 12.53%, 0, 0, 4, 3.85, 4942, 113
2311, 0, 67, 90, 69, 20, 12.53%, 0, 0, 4, 3.80, 4961, 113
2317, 0, 49, 90, 68, 20, 12.53%, 0, 0, 4, 2.99, 4968, 113
2322, 0, 49, 90, 68, 20, 12.53%, 0, 0, 4, 2.48, 4975, 113
2327, 0, 49, 90, 68, 20, 12.53%, 0, 0, 4, 2.33, 4984, 113
2333, 0, 49, 90, 68, 20, 12.53%, 0, 0, 4, 1.92, 4990, 113
2338, 0, 49, 90, 68, 20, 12.53%, 0, 0, 4, 1.83, 4998, 113
2343, 0, 49, 90, 68, 20, 12.53%, 0, 0, 4, 3.04, 5016, 113
2348, 0, 49, 91, 69, 20, 12.53%, 0, 0, 4, 3.69, 5037, 113
2353, 0, 49, 91, 69, 20, 12.53%, 0, 0, 4, 3.24, 5048, 113
2359, 0, 49, 91, 69, 20, 12.53%, 0, 0, 4, 2.61, 5053, 113
2364, 0, 49, 91, 69, 20, 12.53%, 0, 0, 4, 2.18, 5059, 113
2370, 0, 49, 91, 69, 20, 12.53%, 0, 0, 4, 1.82, 5065, 113
2375, 0, 49, 91, 69, 20, 12.53%, 0, 0, 4, 2.91, 5080, 113
2380, 0, 49, 91, 69, 20, 12.53%, 0, 0, 4, 2.47, 5086, 113
2385, 0, 49, 91, 69, 20, 12.53%, 0, 0, 4, 2.09, 5092, 113
2391, 0, 49, 91, 69, 20, 12.53%, 0, 0, 4, 3.01, 5107, 113
2396, 0, 49, 91, 69, 20, 12.53%, 0, 0, 4, 2.83, 5119, 113
2401, 0, 49, 91, 69, 20, 12.53%, 0, 0, 4, 3.20, 5135, 113
2406, 0, 49, 91, 69, 20, 12.53%, 0, 0, 4, 2.65, 5144, 113
2412, 0, 49, 91, 69, 20, 12.53%, 0, 0, 4, 2.28, 5154, 113
2417, 0, 49, 91, 69, 20, 12.53%, 0, 0, 4, 2.16, 5164, 113
2422, 0, 49, 91, 69, 20, 12.53%, 0, 0, 4, 1.88, 5171, 113
2428, 0, 49, 91, 69, 20, 12.53%, 0, 0, 4, 1.85, 5180, 113
2434, 0, 49, 92, 70, 20, 12.53%, 0, 0, 4, 1.81, 5188, 113
2440, 0, 49, 92, 70, 20, 12.53%, 0, 0, 4, 1.95, 5199, 113
2445, 0, 49, 92, 70, 20, 12.53%, 0, 0, 4, 1.90, 5207, 113
2450, 0, 72, 92, 68, 18, 12.53%, 0, 0, 4, 2.38, 5221, 113
2455, 0, 72, 92, 68, 18, 12.53%, 0, 0, 4, 3.17, 5238, 113
2460, 0, 72, 92, 68, 18, 12.53%, 0, 0, 4, 3.75, 5257, 113
2465, 0, 72, 92, 68, 18, 12.53%, 0, 0, 4, 3.76, 5276, 113
2471, 0, 72, 92, 68, 18, 12.53%, 0, 0, 4, 3.63, 5295, 113
2476, 0, 72, 92, 68, 18, 12.53%, 0, 0, 4, 3.55, 5312, 113
2481, 0, 72, 92, 68, 18, 12.53%, 0, 0, 4, 2.89, 5323, 113
2486, 0, 72, 92, 68, 18, 12.53%, 0, 0, 4, 3.55, 5342, 113
2491, 0, 72, 92, 68, 18, 12.53%, 0, 0, 4, 5.42, 5371, 113
2496, 0, 72, 92, 68, 18, 12.53%, 0, 0, 4, 4.31, 5390, 113
2502, 0, 42, 92, 67, 17, 12.53%, 0, 0, 4, 3.26, 5402, 113
2507, 0, 42, 92, 67, 17, 12.53%, 0, 0, 4, 3.44, 5419, 113
2512, 0, 42, 92, 67, 17, 12.53%, 0, 0, 4, 2.93, 5432, 113
2517, 0, 42, 92, 67, 17, 12.53%, 0, 0, 4, 2.46, 5442, 113
2522, 0, 42, 92, 67, 17, 12.53%, 0, 0, 4, 2.24, 5452, 113
2528, 0, 42, 92, 67, 17, 12.53%, 0, 0, 4, 2.94, 5468, 113
2533, 0, 42, 92, 67, 17, 12.53%, 0, 0, 4, 2.83, 5480, 113
2538, 0, 42, 92, 67, 17, 12.53%, 0, 0, 4, 3.46, 5499, 113
2543, 0, 42, 92, 67, 17, 12.53%, 0, 0, 4, 2.92, 5511, 113
2549, 0, 42, 92, 67, 17, 12.53%, 0, 0, 4, 2.87, 5525, 113
2554, 0, 42, 92, 67, 17, 12.53%, 0, 0, 4, 2.64, 5536, 113
2559, 0, 42, 92, 67, 17, 12.53%, 0, 0, 4, 2.48, 5548, 113
2564, 0, 42, 92, 67, 17, 12.53%, 0, 0, 4, 3.22, 5566, 113
2569, 0, 42, 92, 67, 17, 12.53%, 0, 0, 4, 3.96, 5586, 113
2575, 0, 47, 92, 66, 16, 12.53%, 0, 0, 4, 0.87, 5602, 113
2581, 0, 47, 92, 66, 16, 12.53%, 0, 0, 4, 0.89, 5607, 113
2586, 0, 47, 92, 66, 16, 12.53%, 0, 0, 4, 0.87, 5611, 113
2591, 0, 47, 92, 66, 16, 12.53%, 0, 0, 4, 1.32, 5619, 113
2596, 0, 47, 92, 66, 16, 12.53%, 0, 0, 4, 1.32, 5626, 113
2602, 0, 47, 92, 66, 16, 12.53%, 0, 0, 4, 1.56, 5633, 113
2608, 0, 47, 93, 67, 16, 12.53%, 0, 0, 4, 2.22, 5650, 113
2613, 0, 47, 93, 67, 16, 12.53%, 0, 0, 4, 3.65, 5671, 113
2618, 0, 47, 93, 67, 16, 12.53%, 0, 0, 4, 3.07, 5683, 113
2624, 0, 47, 93, 67, 16, 12.53%, 0, 0, 4, 2.55, 5690, 113
2629, 0, 47, 93, 67, 16, 12.53%, 0, 0, 4, 2.14, 5696, 113
2634, 0, 47, 93, 67, 16, 12.53%, 0, 0, 4, 2.14, 5704, 113
2639, 0, 47, 93, 67, 16, 12.53%, 0, 0, 4, 3.06, 5722, 113
2645, 0, 47, 93, 67, 16, 12.53%, 0, 0, 4, 2.44, 5728, 113
2650, 0, 47, 93, 67, 16, 12.53%, 0, 0, 4, 2.69, 5738, 113
2655, 0, 47, 93, 67, 16, 12.53%, 0, 0, 4, 3.43, 5757, 113
2660, 0, 47, 93, 67, 16, 12.53%, 0, 0, 4, 3.25, 5770, 113
2666, 0, 47, 93, 67, 16, 12.53%, 0, 0, 4, 2.73, 5781, 113
2671, 0, 47, 93, 67, 16, 12.53%, 0, 0, 4, 2.25, 5786, 113
2676, 0, 47, 93, 67, 16, 12.53%, 0, 0, 4, 2.10, 5793, 113
2682, 0, 47, 93, 67, 16, 12.53%, 0, 0, 4, 2.11, 5803, 113
2688, 0, 47, 93, 67, 16, 12.53%, 0, 0, 4, 2.69, 5819, 113
2694, 0, 47, 93, 67, 16, 12.53%, 0, 0, 4, 2.21, 5826, 113
2699, 0, 47, 93, 67, 16, 12.53%, 0, 0, 4, 2.38, 5836, 113
2704, 0, 79, 93, 65, 15, 12.53%, 0, 0, 4, 9.17, 5855, 113
2709, 0, 79, 93, 65, 15, 12.53%, 0, 0, 4, 5.38, 5874, 113
2714, 0, 79, 93, 65, 15, 12.53%, 0, 0, 4, 4.22, 5893, 113
2720, 0, 79, 93, 65, 15, 12.53%, 0, 0, 4, 3.92, 5913, 113
2725, 0, 79, 93, 65, 15, 12.53%, 0, 0, 4, 3.78, 5932, 113
2730, 0, 79, 93, 65, 15, 12.53%, 0, 0, 4, 3.82, 5951, 113
2753, 0, 79, 94, 66, 15, 12.53%, 0, 0, 4, 0.36, 5960, 113
2759, 0, 79, 94, 66, 15, 12.53%, 0, 0, 4, 0.58, 5965, 113
2765, 0, 79, 94, 66, 15, 12.53%, 0, 0, 4, 0.67, 5969, 113
2772, 0, 79, 94, 66, 15, 12.53%, 0, 0, 4, 0.70, 5972, 113
2780, 0, 79, 94, 66, 15, 12.53%, 0, 0, 4, 0.73, 5975, 113
2786, 0, 79, 94, 66, 15, 12.53%, 0, 0, 4, 0.43, 5980, 113
2792, 0, 79, 94, 66, 15, 12.53%, 0, 0, 4, 4.10, 5984, 113
2797, 0, 79, 94, 66, 15, 12.53%, 0, 0, 4, 3.91, 6003, 113
2802, 0, 79, 94, 66, 15, 12.53%, 0, 0, 4, 3.70, 6019, 113
2807, 0, 79, 94, 66, 15, 12.53%, 0, 0, 4, 0.59, 6023, 113
2813, 0, 79, 94, 66, 15, 12.53%, 0, 0, 4, 0.63, 6029, 113
2818, 0, 79, 94, 66, 15, 12.53%, 0, 0, 4, 2.55, 6046, 113
2824, 0, 58, 94, 65, 14, 12.53%, 0, 0, 4, 2.66, 6059, 113
2830, 0, 58, 94, 65, 14, 12.53%, 0, 0, 4, 2.13, 6065, 113
2835, 0, 58, 94, 65, 14, 12.53%, 0, 0, 4, 2.09, 6073, 113
2840, 0, 58, 94, 65, 14, 12.53%, 0, 0, 4, 1.86, 6080, 113
2846, 0, 58, 94, 65, 14, 12.53%, 0, 0, 4, 2.21, 6092, 113
2852, 0, 58, 94, 65, 14, 12.53%, 0, 0, 4, 1.94, 6099, 113
2858, 0, 58, 94, 65, 14, 12.53%, 0, 0, 4, 1.65, 6105, 113
2863, 0, 58, 94, 65, 14, 12.53%, 0, 0, 4, 2.15, 6117, 113
2869, 0, 58, 94, 65, 14, 12.53%, 0, 0, 4, 1.78, 6123, 113
2874, 0, 58, 94, 65, 14, 12.53%, 0, 0, 4, 1.56, 6128, 113
2880, 0, 58, 94, 65, 14, 12.53%, 0, 0, 4, 1.45, 6135, 113
2886, 0, 58, 95, 66, 14, 12.53%, 0, 0, 4, 2.13, 6151, 113
2892, 0, 58, 95, 66, 14, 12.53%, 0, 0, 4, 3.35, 6171, 113
2897, 0, 58, 95, 66, 14, 12.53%, 0, 0, 4, 3.32, 6188, 113
2902, 0, 58, 95, 66, 14, 12.53%, 0, 0, 4, 2.65, 6197, 113
2907, 0, 58, 95, 66, 14, 12.53%, 0, 0, 4, 2.78, 6210, 113
2913, 0, 58, 95, 66, 14, 12.53%, 0, 0, 4, 2.56, 6222, 113
2918, 0, 58, 95, 66, 14, 12.53%, 0, 0, 4, 2.37, 6232, 113
2923, 0, 58, 95, 66, 14, 12.53%, 0, 0, 4, 1.99, 6240, 113
2929, 0, 58, 95, 66, 14, 12.53%, 0, 0, 4, 2.64, 6253, 113
2934, 0, 58, 95, 66, 14, 12.53%, 0, 0, 4, 2.52, 6264, 113
2939, 0, 55, 95, 65, 13, 12.53%, 0, 0, 4, 2.28, 6274, 113
2944, 0, 55, 95, 65, 13, 12.53%, 0, 0, 4, 2.50, 6286, 113
2951, 0, 55, 95, 65, 13, 12.53%, 0, 0, 4, 2.35, 6296, 113
2957, 0, 55, 95, 65, 13, 12.53%, 0, 0, 4, 1.97, 6301, 113
2979, 0, 55, 96, 66, 13, 12.53%, 0, 0, 4, 1.80, 6310, 113
2984, 0, 55, 96, 66, 13, 12.53%, 0, 0, 4, 1.58, 6314, 113
2990, 0, 55, 96, 66, 13, 12.53%, 0, 0, 4, 1.38, 6318, 113
2996, 0, 55, 96, 66, 13, 12.53%, 0, 0, 4, 0.17, 6319, 113
3002, 0, 55, 96, 66, 13, 12.53%, 0, 0, 4, 2.61, 6327, 113
3007, 0, 55, 96, 66, 13, 12.53%, 0, 0, 4, 2.73, 6339, 113
3012, 0, 55, 96, 66, 13, 12.53%, 0, 0, 4, 2.75, 6354, 113
3018, 0, 55, 96, 66, 13, 12.53%, 0, 0, 4, 2.45, 6365, 113
3023, 0, 55, 96, 66, 13, 12.53%, 0, 0, 4, 2.20, 6375, 113
3028, 0, 55, 96, 66, 13, 12.53%, 0, 0, 4, 2.09, 6385, 113
3033, 0, 55, 96, 66, 13, 12.53%, 0, 0, 4, 2.18, 6396, 113
3038, 0, 85, 96, 65, 12, 12.53%, 0, 0, 4, 3.09, 6414, 113
3043, 0, 85, 96, 65, 12, 12.53%, 0, 0, 4, 3.22, 6427, 113
3048, 0, 85, 96, 65, 12, 12.53%, 0, 0, 4, 0.59, 6433, 113
3054, 0, 85, 96, 65, 12, 12.53%, 0, 0, 4, 3.94, 6451, 113
3060, 0, 85, 96, 65, 12, 12.53%, 0, 0, 4, 0.37, 6461, 113
3070, 0, 85, 96, 65, 12, 12.53%, 0, 0, 4, 0.35, 6463, 113
3076, 0, 85, 96, 65, 12, 12.53%, 0, 0, 4, 0.34, 6464, 113
3081, 0, 85, 96, 65, 12, 12.53%, 0, 0, 4, 0.33, 6465, 113
3090, 0, 85, 96, 65, 12, 12.53%, 0, 0, 4, 0.37, 6468, 113
3097, 0, 85, 96, 65, 12, 12.53%, 0, 0, 4, 0.39, 6471, 113
3103, 0, 85, 96, 65, 12, 12.53%, 0, 0, 4, 3.93, 6491, 113
3108, 0, 85, 96, 65, 12, 12.53%, 0, 0, 4, 3.77, 6511, 113
3113, 0, 85, 97, 66, 12, 12.64%, 0, 0, 4, 3.68, 6529, 114
3120, 0, 85, 97, 66, 12, 12.64%, 0, 0, 4, 0.59, 6541, 114
3127, 0, 85, 97, 66, 12, 12.64%, 0, 0, 4, 0.56, 6543, 114
3158, 0, 85, 98, 67, 12, 12.64%, 0, 0, 4, 0.55, 6552, 114
3165, 0, 85, 98, 67, 12, 12.64%, 0, 0, 4, 0.56, 6555, 114
3172, 0, 85, 98, 67, 12, 12.64%, 0, 0, 4, 0.53, 6557, 114
3180, 0, 85, 98, 67, 12, 12.64%, 0, 0, 4, 0.61, 6561, 114
3210, 0, 85, 99, 68, 12, 12.64%, 0, 0, 4, 0.59, 6569, 114
3217, 0, 85, 99, 68, 12, 12.64%, 0, 0, 4, 0.63, 6573, 114
3222, 0, 85, 99, 68, 12, 12.64%, 0, 0, 4, 0.60, 6575, 114
3239, 0, 85, 100, 69, 12, 12.64%, 0, 0, 4, 0.60, 6583, 114
3244, 0, 85, 100, 69, 12, 12.64%, 0, 0, 4, 0.66, 6586, 114
3249, 0, 85, 100, 69, 12, 12.64%, 0, 0, 4, 0.73, 6589, 114
3257, 0, 85, 100, 69, 12, 12.64%, 0, 0, 4, 0.68, 6592, 114
3263, 0, 85, 100, 69, 12, 12.64%, 0, 0, 4, 0.64, 6594, 114
3269, 0, 85, 100, 69, 12, 12.64%, 0, 0, 4, 0.60, 6596, 114
3277, 0, 85, 100, 69, 12, 12.64%, 0, 0, 4, 0.56, 6599, 114
3283, 0, 85, 100, 69, 12, 12.64%, 0, 0, 4, 0.78, 6602, 114
3291, 0, 85, 100, 69, 12, 12.64%, 0, 0, 4, 0.87, 6608, 114
3296, 0, 85, 100, 69, 12, 12.64%, 0, 0, 4, 0.90, 6613, 114
3302, 0, 85, 100, 69, 12, 12.64%, 0, 0, 4, 0.85, 6616, 114
3309, 0, 85, 100, 69, 12, 12.64%, 0, 0, 4, 0.78, 6618, 114
3316, 0, 85, 100, 69, 12, 12.64%, 0, 0, 4, 0.73, 6620, 114
3323, 0, 85, 100, 69, 12, 12.64%, 0, 0, 4, 0.75, 6623, 114
3328, 0, 85, 100, 69, 12, 12.64%, 0, 0, 4, 0.74, 6626, 114
3335, 0, 85, 100, 69, 12, 12.64%, 0, 0, 4, 0.69, 6628, 114
3340, 0, 85, 100, 69, 12, 12.64%, 0, 0, 4, 0.71, 6631, 114
3347, 0, 85, 100, 69, 12, 12.64%, 0, 0, 4, 0.67, 6634, 114
3352, 0, 85, 100, 69, 12, 12.64%, 0, 0, 4, 0.75, 6638, 114
3360, 0, 85, 100, 69, 12, 12.64%, 0, 0, 4, 0.71, 6641, 114
3366, 0, 85, 100, 69, 12, 12.64%, 0, 0, 4, 0.75, 6644, 114
3374, 0, 85, 100, 69, 12, 12.64%, 0, 0, 4, 0.79, 6649, 114
3380, 0, 85, 100, 69, 12, 12.64%, 0, 0, 4, 0.74, 6651, 114
3388, 0, 85, 100, 69, 12, 12.64%, 0, 0, 4, 0.72, 6655, 114
3393, 0, 85, 100, 69, 12, 12.64%, 0, 0, 4, 3.88, 6674, 114
3398, 0, 85, 100, 69, 12, 12.64%, 0, 0, 4, 3.29, 6688, 114
3403, 0, 85, 100, 69, 12, 12.64%, 0, 0, 4, 3.47, 6705, 114
3408, 0, 85, 100, 69, 12, 12.64%, 0, 0, 4, 3.73, 6724, 114
3414, 0, 34, 100, 68, 12, 12.64%, 0, 0, 4, 4.06, 6744, 114
3419, 0, 34, 100, 68, 12, 12.64%, 0, 0, 4, 4.02, 6764, 114
3424, 0, 34, 100, 68, 12, 12.64%, 0, 0, 4, 3.85, 6783, 114
3429, 0, 34, 100, 68, 12, 12.64%, 0, 0, 4, 4.67, 6808, 114
3434, 0, 34, 100, 68, 12, 12.64%, 0, 0, 4, 3.95, 6826, 114
3439, 0, 34, 100, 68, 12, 12.64%, 0, 0, 4, 3.94, 6846, 114
3444, 0, 34, 100, 68, 12, 12.64%, 0, 0, 4, 3.92, 6865, 114
3449, 0, 34, 100, 68, 12, 12.64%, 0, 0, 4, 3.86, 6885, 114
3455, 0, 34, 100, 68, 12, 12.64%, 0, 0, 4, 3.90, 6906, 114
3460, 0, 34, 100, 68, 12, 12.64%, 0, 0, 4, 3.81, 6924, 114
3466, 0, 51, 100, 67, 11, 12.64%, 0, 0, 4, 3.20, 6938, 114
3471, 0, 51, 100, 67, 11, 12.64%, 0, 0, 4, 2.64, 6946, 114
3476, 0, 51, 100, 67, 11, 12.64%, 0, 0, 4, 2.38, 6956, 114
3481, 0, 51, 100, 67, 11, 12.64%, 0, 0, 4, 2.47, 6967, 114
3487, 0, 51, 100, 67, 11, 12.64%, 0, 0, 4, 2.70, 6980, 114
3492, 0, 51, 100, 67, 11, 12.64%, 0, 0, 4, 2.46, 6990, 114
3497, 0, 51, 100, 67, 11, 12.64%, 0, 0, 4, 2.33, 6999, 114
3502, 0, 51, 100, 67, 11, 12.64%, 0, 0, 4, 2.02, 7007, 114
3507, 0, 51, 100, 67, 11, 12.64%, 0, 0, 4, 2.99, 7023, 114
3512, 0, 51, 100, 67, 11, 12.64%, 0, 0, 4, 2.97, 7036, 114
3518, 0, 51, 100, 67, 11, 12.64%, 0, 0, 4, 2.72, 7049, 114
3523, 0, 51, 100, 67, 11, 12.64%, 0, 0, 4, 2.33, 7059, 114
3529, 0, 51, 100, 67, 11, 12.64%, 0, 0, 4, 2.23, 7070, 114
3534, 0, 51, 100, 67, 11, 12.64%, 0, 0, 4, 2.42, 7082, 114
3539, 0, 51, 102, 69, 11, 12.64%, 0, 0, 4, 2.98, 7103, 114
3544, 0, 51, 102, 69, 11, 12.64%, 0, 0, 4, 3.55, 7122, 114
3549, 0, 51, 102, 69, 11, 12.64%, 0, 0, 4, 3.72, 7141, 114
3554, 0, 51, 102, 69, 11, 12.64%, 0, 0, 4, 3.57, 7158, 114
3559, 0, 51, 102, 69, 11, 12.64%, 0, 0, 4, 2.82, 7168, 114
3564, 0, 51, 102, 69, 11, 12.64%, 0, 0, 4, 2.41, 7178, 114
3569, 0, 51, 102, 69, 11, 12.64%, 0, 0, 4, 2.26, 7189, 114
3575, 0, 62, 102, 68, 10, 12.64%, 0, 0, 4, 2.17, 7200, 114
3580, 0, 62, 102, 68, 10, 12.64%, 0, 0, 4, 2.27, 7212, 114
3586, 0, 62, 102, 68, 10, 12.64%, 0, 0, 4, 2.51, 7225, 114
3591, 0, 62, 102, 68, 10, 12.64%, 0, 0, 4, 2.25, 7235, 114
3596, 0, 62, 102, 68, 10, 12.64%, 0, 0, 4, 2.31, 7246, 114
3601, 0, 62, 102, 68, 10, 12.64%, 0, 0, 4, 2.29, 7257, 114
3607, 0, 62, 103, 69, 10, 12.64%, 0, 0, 4, 2.51, 7275, 114
3612, 0, 62, 103, 69, 10, 12.64%, 0, 0, 4, 2.87, 7289, 114
3618, 0, 62, 103, 69, 10, 12.64%, 0, 0, 4, 2.44, 7300, 114
3623, 0, 62, 103, 69, 10, 12.64%, 0, 0, 4, 2.34, 7311, 114
3628, 0, 62, 103, 69, 10, 12.64%, 0, 0, 4, 3.13, 7328, 114
3634, 0, 62, 103, 69, 10, 12.64%, 0, 0, 4, 2.90, 7340, 114
3639, 0, 62, 103, 69, 10, 12.64%, 0, 0, 4, 2.98, 7355, 114
3644, 0, 62, 103, 69, 10, 12.64%, 0, 0, 4, 2.49, 7366, 114
3649, 0, 62, 103, 69, 10, 12.64%, 0, 0, 4, 2.26, 7376, 114
3654, 0, 62, 103, 69, 10, 12.64%, 0, 0, 4, 2.73, 7389, 114
3660, 0, 62, 103, 69, 10, 12.64%, 0, 0, 4, 2.85, 7404, 114
3665, 0, 62, 103, 69, 10, 12.64%, 0, 0, 4, 2.43, 7414, 114
3670, 0, 102, 103, 68, 10, 12.64%, 0, 0, 4, 3.06, 7431, 114
3676, 0, 76, 103, 67, 9, 12.64%, 0, 0, 4, 3.63, 7451, 114
3681, 0, 76, 103, 67, 9, 12.64%, 0, 0, 4, 4.09, 7472, 114
3686, 0, 76, 103, 67, 9, 12.64%, 0, 0, 4, 3.94, 7492, 114
3691, 0, 76, 103, 67, 9, 12.64%, 0, 0, 4, 3.91, 7512, 114
3696, 0, 76, 103, 67, 9, 12.64%, 0, 0, 4, 3.70, 7529, 114
3701, 0, 76, 103, 67, 9, 12.64%, 0, 0, 4, 3.81, 7549, 114
3707, 0, 76, 104, 68, 9, 12.86%, 0, 0, 4, 3.82, 7569, 116
3712, 0, 76, 105, 69, 9, 12.97%, 0, 0, 4, 3.84, 7589, 117
3717, 0, 76, 105, 69, 9, 12.97%, 0, 0, 4, 3.76, 7606, 117
3722, 0, 76, 105, 69, 9, 12.97%, 0, 0, 4, 3.71, 7624, 117
3728, 0, 76, 106, 70, 9, 13.08%, 0, 0, 4, 3.79, 7648, 118
3733, 0, 76, 106, 70, 9, 13.08%, 0, 0, 4, 3.80, 7667, 118
3738, 0, 76, 106, 70, 9, 13.08%, 0, 0, 4, 3.73, 7686, 118
3745, 0, 76, 106, 70, 9, 13.08%, 0, 0, 4, 0.36, 7697, 118
3751, 0, 76, 106, 70, 9, 13.08%, 0, 0, 4, 1.87, 7703, 118
3757, 0, 76, 106, 70, 9, 13.08%, 0, 0, 4, 1.68, 7707, 118
3762, 0, 20, 106, 69, 11, 13.08%, 0, 0, 4, 2.62, 7723, 118
3767, 0, 20, 106, 69, 11, 13.08%, 0, 0, 4, 2.34, 7734, 118
3772, 0, 20, 106, 69, 11, 13.08%, 0, 0, 4, 2.27, 7745, 118
3778, 0, 20, 106, 69, 11, 13.08%, 0, 0, 4, 2.55, 7759, 118
3783, 0, 20, 106, 69, 11, 13.08%, 0, 0, 4, 2.29, 7769, 118
3788, 0, 20, 106, 69, 11, 13.08%, 0, 0, 4, 2.35, 7781, 118
3793, 0, 20, 106, 69, 11, 13.08%, 0, 0, 4, 2.82, 7796, 118
3799, 0, 20, 106, 69, 11, 13.08%, 0, 0, 4, 2.46, 7807, 118
3804, 0, 20, 106, 69, 11, 13.08%, 0, 0, 4, 2.29, 7817, 118
3809, 0, 20, 106, 69, 11, 13.08%, 0, 0, 4, 2.39, 7829, 118
3814, 0, 20, 106, 69, 11, 13.08%, 0, 0, 4, 2.77, 7844, 118
3820, 0, 20, 106, 69, 11, 13.08%, 0, 0, 4, 2.76, 7857, 118
3825, 0, 20, 106, 69, 11, 13.08%, 0, 0, 4, 2.65, 7870, 118
3830, 0, 20, 106, 69, 11, 13.08%, 0, 0, 4, 2.41, 7880, 118
3836, 0, 20, 106, 69, 11, 13.08%, 0, 0, 4, 2.43, 7891, 118
3841, 0, 20, 106, 69, 11, 13.08%, 0, 0, 4, 2.97, 7908, 118
3846, 0, 20, 106, 69, 11, 13.08%, 0, 0, 4, 2.80, 7920, 118
3852, 0, 20, 106, 69, 11, 13.08%, 0, 0, 4, 2.53, 7930, 118
3858, 0, 46, 106, 68, 10, 13.08%, 0, 0, 4, 2.25, 7940, 118
3863, 0, 46, 106, 68, 10, 13.08%, 0, 0, 4, 2.11, 7950, 118
3868, 0, 46, 106, 68, 10, 13.08%, 0, 0, 4, 2.42, 7963, 118
3874, 0, 46, 106, 68, 10, 13.08%, 0, 0, 4, 2.53, 7977, 118
3879, 0, 46, 106, 68, 10, 13.08%, 0, 0, 4, 2.41, 7988, 118
3884, 0, 46, 106, 68, 10, 13.08%, 0, 0, 4, 2.15, 7998, 118
3890, 0, 46, 106, 68, 10, 13.08%, 0, 0, 4, 2.31, 8010, 118
3895, 0, 46, 106, 68, 10, 13.08%, 0, 0, 4, 2.51, 8022, 118
3900, 0, 46, 106, 68, 10, 13.08%, 0, 0, 4, 2.71, 8036, 118
3905, 0, 46, 106, 68, 10, 13.08%, 0, 0, 4, 2.46, 8047, 118
3911, 0, 46, 106, 68, 10, 13.08%, 0, 0, 4, 2.52, 8060, 118
3916, 0, 46, 106, 68, 10, 13.08%, 0, 0, 4, 2.97, 8074, 118
3921, 0, 46, 106, 68, 10, 13.08%, 0, 0, 4, 2.87, 8088, 118
3927, 0, 46, 106, 68, 10, 13.08%, 0, 0, 4, 2.46, 8099, 118
3932, 0, 46, 106, 68, 10, 13.08%, 0, 0, 4, 2.21, 8109, 118
3937, 0, 46, 106, 68, 10, 13.08%, 0, 0, 4, 2.36, 8121, 118
3942, 0, 64, 106, 67, 9, 13.08%, 0, 0, 4, 3.28, 8139, 118
3948, 0, 64, 106, 67, 9, 13.08%, 0, 0, 4, 2.61, 8145, 118
3953, 0, 64, 106, 67, 9, 13.08%, 0, 0, 4, 2.20, 8149, 118
3958, 0, 64, 106, 67, 9, 13.08%, 0, 0, 4, 2.14, 8156, 118
3964, 0, 64, 106, 67, 9, 13.08%, 0, 0, 4, 1.89, 8164, 118
3969, 0, 64, 106, 67, 9, 13.08%, 0, 0, 4, 1.62, 8169, 118
3975, 0, 64, 106, 67, 9, 13.08%, 0, 0, 4, 1.78, 8177, 118
3980, 0, 64, 106, 67, 9, 13.08%, 0, 0, 4, 2.94, 8192, 118
3985, 0, 64, 106, 67, 9, 13.08%, 0, 0, 4, 2.69, 8202, 118
3990, 0, 64, 106, 67, 9, 13.08%, 0, 0, 4, 2.41, 8212, 118
3996, 0, 64, 106, 67, 9, 13.08%, 0, 0, 4, 2.34, 8224, 118
4001, 0, 64, 106, 67, 9, 13.08%, 0, 0, 4, 2.09, 8233, 118
4007, 0, 64, 106, 67, 9, 13.08%, 0, 0, 4, 2.08, 8240, 118
4012, 0, 64, 106, 67, 9, 13.08%, 0, 0, 4, 1.79, 8246, 118
4017, 0, 64, 106, 67, 9, 13.08%, 0, 0, 4, 1.57, 8251, 118
4022, 0, 64, 106, 67, 9, 13.08%, 0, 0, 4, 2.56, 8264, 118
4028, 0, 64, 106, 67, 9, 13.08%, 0, 0, 4, 2.42, 8274, 118
4033, 0, 64, 106, 67, 9, 13.08%, 0, 0, 4, 2.13, 8281, 118
4038, 0, 64, 106, 67, 9, 13.08%, 0, 0, 4, 2.53, 8293, 118
4043, 0, 64, 106, 67, 9, 13.08%, 0, 0, 4, 2.95, 8309, 118
4049, 0, 64, 106, 67, 9, 13.08%, 0, 0, 4, 2.76, 8322, 118
4054, 0, 64, 106, 67, 9, 13.08%, 0, 0, 4, 2.35, 8331, 118
4059, 0, 64, 106, 67, 9, 13.08%, 0, 0, 4, 2.39, 8340, 118
4064, 0, 64, 106, 67, 9, 13.08%, 0, 0, 4, 2.28, 8348, 118
4071, 0, 64, 106, 67, 9, 13.08%, 0, 0, 4, 2.19, 8359, 118
4076, 0, 66, 106, 66, 8, 13.08%, 0, 0, 4, 2.02, 8368, 118
4081, 0, 66, 106, 66, 8, 13.08%, 0, 0, 4, 2.13, 8380, 118
4086, 0, 66, 106, 66, 8, 13.08%, 0, 0, 4, 2.77, 8395, 118
4092, 0, 66, 106, 66, 8, 13.08%, 0, 0, 4, 3.36, 8414, 118
4097, 0, 66, 106, 66, 8, 13.08%, 0, 0, 4, 2.89, 8426, 118
4102, 0, 66, 106, 66, 8, 13.08%, 0, 0, 4, 3.30, 8443, 118
4108, 0, 66, 106, 66, 8, 13.08%, 0, 0, 4, 3.71, 8464, 118
4113, 0, 66, 106, 66, 8, 13.08%, 0, 0, 4, 3.75, 8483, 118
4118, 0, 66, 106, 66, 8, 13.08%, 0, 0, 4, 3.16, 8496, 118
4123, 0, 66, 106, 66, 8, 13.08%, 0, 0, 4, 2.57, 8506, 118
4128, 0, 66, 106, 66, 8, 13.08%, 0, 0, 4, 2.27, 8516, 118
4134, 0, 66, 106, 66, 8, 13.08%, 0, 0, 4, 2.25, 8527, 118
4139, 0, 66, 106, 66, 8, 13.08%, 0, 0, 4, 2.40, 8539, 118
4144, 0, 66, 106, 66, 8, 13.08%, 0, 0, 4, 2.20, 8549, 118
4150, 0, 66, 106, 66, 8, 13.08%, 0, 0, 4, 0.24, 8553, 118
4156, 0, 66, 106, 66, 8, 13.08%, 0, 0, 4, 3.31, 8568, 118
4161, 0, 60, 106, 65, 7, 13.08%, 0, 0, 4, 3.50, 8586, 118
4167, 0, 60, 106, 65, 7, 13.08%, 0, 0, 4, 3.79, 8606, 118
4172, 0, 60, 106, 65, 7, 13.08%, 0, 0, 4, 3.91, 8625, 118
4177, 0, 60, 106, 65, 7, 13.08%, 0, 0, 4, 3.80, 8644, 118
4182, 0, 60, 106, 65, 7, 13.08%, 0, 0, 4, 3.80, 8664, 118
4187, 0, 60, 106, 65, 7, 13.08%, 0, 0, 4, 3.70, 8681, 118
4193, 0, 60, 107, 66, 7, 13.19%, 0, 0, 4, 4.10, 8706, 119
4198, 0, 60, 107, 66, 7, 13.19%, 0, 0, 4, 3.94, 8726, 119
4204, 0, 60, 107, 66, 7, 13.19%, 0, 0, 4, 2.97, 8736, 119
4209, 0, 60, 107, 66, 7, 13.19%, 0, 0, 4, 2.54, 8747, 119
4214, 0, 60, 107, 66, 7, 13.19%, 0, 0, 4, 3.28, 8766, 119
4219, 0, 60, 107, 66, 7, 13.19%, 0, 0, 4, 3.54, 8784, 119
4224, 0, 60, 107, 66, 7, 13.19%, 0, 0, 4, 3.73, 8803, 119
4230, 0, 104, 107, 64, 6, 13.19%, 0, 0, 4, 3.68, 8821, 119
4235, 0, 104, 107, 64, 6, 13.19%, 0, 0, 4, 3.76, 8840, 119
4240, 0, 104, 108, 65, 6, 13.19%, 0, 0, 5, 3.78, 8860, 119
4245, 0, 104, 108, 65, 6, 13.19%, 0, 0, 5, 3.77, 8879, 119
4250, 0, 104, 109, 66, 6, 13.19%, 0, 0, 5, 3.82, 8899, 119
4256, 0, 104, 109, 66, 6, 13.19%, 0, 0, 5, 4.05, 8921, 119
4261, 0, 104, 109, 66, 6, 13.19%, 0, 0, 5, 3.89, 8940, 119
4266, 0, 104, 109, 66, 6, 13.19%, 0, 0, 5, 3.93, 8960, 119
4271, 0, 104, 109, 66, 6, 13.19%, 0, 0, 5, 3.96, 8981, 119
4276, 0, 104, 109, 66, 6, 13.19%, 0, 0, 5, 3.79, 9000, 119
4282, 0, 104, 109, 66, 6, 13.19%, 0, 0, 5, 4.78, 9024, 119
4287, 0, 104, 109, 66, 6, 13.19%, 0, 0, 5, 4.18, 9044, 119
4292, 0, 104, 109, 66, 6, 13.19%, 0, 0, 5, 3.96, 9064, 119
4297, 0, 104, 109, 66, 6, 13.19%, 0, 0, 5, 3.83, 9083, 119
4302, 0, 104, 109, 66, 6, 13.19%, 0, 0, 5, 3.84, 9103, 119
4307, 0, 104, 109, 66, 6, 13.19%, 0, 0, 5, 4.02, 9124, 119
4312, 0, 104, 109, 66, 6, 13.19%, 0, 0, 5, 4.06, 9141, 119
4318, 0, 105, 109, 64, 5, 13.19%, 0, 0, 5, 3.81, 9160, 119
4323, 0, 105, 109, 64, 5, 13.19%, 0, 0, 5, 3.87, 9178, 119
4328, 0, 105, 109, 64, 5, 13.19%, 0, 0, 5, 3.87, 9197, 119
4333, 0, 105, 110, 65, 5, 13.19%, 0, 0, 5, 3.81, 9217, 119
4338, 0, 105, 111, 66, 5, 13.19%, 0, 0, 5, 4.20, 9239, 119
4343, 0, 105, 111, 66, 5, 13.19%, 0, 0, 5, 4.26, 9260, 119
4349, 0, 105, 111, 66, 5, 13.19%, 0, 0, 5, 3.94, 9280, 119
4354, 0, 105, 111, 66, 5, 13.19%, 0, 0, 5, 3.92, 9300, 119
4359, 0, 105, 111, 66, 5, 13.19%, 0, 0, 5, 3.82, 9319, 119
4364, 0, 105, 111, 66, 5, 13.19%, 0, 0, 5, 3.74, 9338, 119
4369, 0, 105, 111, 66, 5, 13.19%, 0, 0, 5, 3.87, 9358, 119
4375, 0, 105, 111, 66, 5, 13.19%, 0, 0, 5, 3.76, 9378, 119
4380, 0, 105, 111, 66, 5, 13.19%, 0, 0, 5, 3.81, 9397, 119
4385, 0, 105, 111, 66, 5, 13.19%, 0, 0, 5, 3.81, 9417, 119
4390, 0, 73, 111, 65, 4, 13.19%, 0, 0, 5, 3.33, 9432, 119
4396, 0, 73, 111, 65, 4, 13.19%, 0, 0, 5, 2.85, 9444, 119
4401, 0, 73, 111, 65, 4, 13.19%, 0, 0, 5, 2.65, 9456, 119
4407, 0, 73, 111, 65, 4, 13.19%, 0, 0, 5, 2.35, 9466, 119
4412, 0, 73, 111, 65, 4, 13.19%, 0, 0, 5, 2.71, 9479, 119
4417, 0, 73, 111, 65, 4, 13.19%, 0, 0, 5, 3.65, 9500, 119
4423, 0, 73, 111, 65, 4, 13.19%, 0, 0, 5, 3.27, 9516, 119
4429, 0, 73, 112, 66, 4, 13.19%, 0, 0, 5, 3.40, 9536, 119
4434, 0, 73, 112, 66, 4, 13.19%, 0, 0, 5, 3.67, 9556, 119
4439, 0, 73, 112, 66, 4, 13.19%, 0, 0, 5, 3.40, 9569, 119
4445, 0, 73, 112, 66, 4, 13.19%, 0, 0, 5, 3.06, 9584, 119
4450, 0, 73, 112, 66, 4, 13.19%, 0, 0, 5, 2.56, 9595, 119
4455, 0, 73, 112, 66, 4, 13.19%, 0, 0, 5, 2.49, 9606, 119
4461, 0, 73, 112, 66, 4, 13.19%, 0, 0, 5, 2.30, 9617, 119
4466, 0, 73, 112, 66, 4, 13.19%, 0, 0, 5, 2.21, 9628, 119
4471, 0, 73, 112, 66, 4, 13.19%, 0, 0, 5, 2.39, 9639, 119
4476, 0, 73, 112, 66, 4, 13.19%, 0, 0, 5, 2.86, 9655, 119
4481, 0, 96, 112, 65, 3, 13.19%, 0, 0, 5, 3.24, 9672, 119
4487, 0, 96, 112, 65, 3, 13.19%, 0, 0, 5, 3.86, 9693, 119
4492, 0, 96, 112, 65, 3, 13.19%, 0, 0, 5, 0.63, 9707, 119
4498, 0, 96, 112, 65, 3, 13.19%, 0, 0, 5, 0.74, 9711, 119
4503, 0, 96, 112, 65, 3, 13.19%, 0, 0, 5, 1.43, 9720, 119
4508, 0, 96, 112, 65, 3, 13.19%, 0, 0, 5, 3.20, 9740, 119
4513, 0, 96, 112, 65, 3, 13.19%, 0, 0, 5, 3.67, 9760, 119
4518, 0, 96, 112, 65, 3, 13.19%, 0, 0, 5, 3.73, 9778, 119
4524, 0, 96, 114, 67, 3, 13.19%, 0, 0, 5, 3.69, 9802, 119
4530, 0, 96, 114, 67, 3, 13.19%, 0, 0, 5, 3.79, 9821, 119
4535, 0, 96, 114, 67, 3, 13.19%, 0, 0, 5, 3.85, 9841, 119
4540, 0, 96, 115, 68, 3, 13.19%, 0, 0, 5, 3.85, 9860, 119
4545, 0, 96, 115, 68, 3, 13.19%, 0, 0, 5, 3.44, 9877, 119
4550, 0, 96, 115, 68, 3, 13.19%, 0, 0, 5, 3.46, 9893, 119
4556, 0, 96, 115, 68, 3, 13.19%, 0, 0, 5, 3.70, 9912, 119
4561, 0, 96, 115, 68, 3, 13.19%, 0, 0, 5, 3.79, 9931, 119
4566, 0, 103, 115, 67, 2, 13.19%, 0, 0, 5, 3.72, 9950, 119
4571, 0, 103, 115, 67, 2, 13.19%, 0, 0, 5, 3.79, 9969, 119
4576, 0, 103, 115, 67, 2, 13.19%, 0, 0, 5, 3.77, 9988, 119
4581, 0, 103, 115, 67, 2, 13.19%, 0, 0, 5, 3.85, 10009, 119
4586, 0, 103, 115, 67, 2, 13.19%, 0, 0, 5, 3.82, 10028, 119
4591, 0, 103, 115, 67, 2, 13.19%, 0, 0, 5, 3.84, 10047, 119
4597, 0, 103, 115, 67, 2, 13.19%, 0, 0, 5, 3.77, 10065, 119
4602, 0, 103, 116, 68, 2, 13.30%, 0, 0, 5, 3.81, 10085, 120
4607, 0, 103, 116, 68, 2, 13.30%, 0, 0, 5, 3.94, 10105, 120
4612, 0, 103, 117, 69, 2, 13.30%, 0, 0, 5, 3.94, 10125, 120
4617, 0, 103, 118, 70, 2, 13.30%, 0, 0, 5, 3.83, 10145, 120
4662, 0, 103, 119, 71, 2, 13.30%, 0, 0, 5, 0.19, 10164, 120
4668, 0, 103, 119, 71, 2, 13.30%, 0, 0, 5, 0.00, 10183, 120
