# relative_time, cycles_done, cur_item, corpus_count, pending_total, pending_favs, map_size, saved_crashes, saved_hangs, max_depth, execs_per_sec, total_execs, edges_found
61, 1, 212, 215, 128, 0, 14.24%, 0, 0, 8, 4173.33, 254576, 128
66, 1, 219, 228, 140, 4, 16.35%, 0, 0, 8, 4179.81, 275728, 147
71, 1, 46, 230, 127, 0, 16.35%, 0, 0, 8, 4170.64, 297182, 147
77, 1, 215, 234, 128, 0, 16.35%, 0, 0, 8, 4159.69, 318684, 147
82, 2, 213, 237, 128, 0, 16.35%, 0, 0, 8, 4159.73, 339477, 147
87, 2, 237, 241, 129, 0, 16.46%, 0, 0, 8, 4149.13, 360565, 148
92, 2, 224, 245, 129, 0, 16.46%, 0, 0, 8, 4162.60, 382131, 148
97, 2, 77, 246, 127, 0, 16.46%, 0, 0, 8, 4157.96, 403550, 148
102, 2, 51, 247, 123, 0, 16.46%, 0, 0, 8, 4160.62, 424912, 148
107, 2, 43, 249, 122, 0, 16.46%, 0, 0, 8, 4142.84, 445971, 148
112, 3, 70, 250, 118, 0, 16.46%, 0, 0, 8, 4164.96, 467149, 148
117, 3, 235, 255, 115, 0, 16.46%, 0, 0, 8, 4178.02, 488562, 148
123, 3, 43, 257, 114, 0, 16.46%, 0, 0, 9, 4187.31, 509946, 148
128, 3, 221, 257, 110, 0, 16.46%, 0, 0, 9, 4184.59, 531376, 148
133, 3, 226, 259, 110, 0, 16.46%, 0, 0, 9, 4189.20, 552703, 148
138, 3, 258, 260, 109, 0, 16.46%, 0, 0, 9, 4163.34, 573941, 148
143, 4, 43, 260, 104, 0, 16.46%, 0, 0, 9, 4176.16, 595397, 148
148, 4, 135, 261, 104, 0, 16.46%, 0, 0, 9, 4168.38, 616684, 148
153, 4, 147, 261, 100, 0, 16.46%, 0, 0, 9, 4159.47, 637888, 148
158, 4, 68, 261, 98, 0, 16.46%, 0, 0, 9, 4165.85, 659107, 148
163, 4, 212, 261, 94, 0, 16.46%, 0, 0, 9, 4140.34, 680309, 148
169, 5, 80, 261, 93, 0, 16.46%, 0, 0, 9, 4151.45, 701680, 148
174, 5, 226, 262, 91, 0, 16.46%, 0, 0, 10, 4159.83, 722935, 148
179, 5, 190, 264, 89, 0, 16.46%, 0, 0, 10, 4153.12, 744072, 148
184, 5, 190, 264, 87, 0, 16.46%, 0, 0, 10, 4147.18, 765268, 148
189, 5, 51, 264, 84, 0, 16.46%, 0, 0, 10, 4171.67, 786761, 148
194, 5, 220, 264, 83, 0, 16.46%, 0, 0, 10, 4169.28, 808141, 148
199, 6, 221, 264, 81, 0, 16.46%, 0, 0, 10, 4171.88, 829522, 148
204, 6, 223, 264, 79, 0, 16.46%, 0, 0, 10, 4172.86, 850971, 148
209, 6, 27, 264, 77, 0, 16.46%, 0, 0, 10, 4177.09, 872275, 148
215, 6, 147, 264, 76, 0, 16.46%, 0, 0, 10, 4158.36, 893514, 148
220, 6, 53, 264, 74, 0, 16.46%, 0, 0, 10, 4164.25, 914814, 148
225, 7, 223, 264, 73, 0, 16.46%, 0, 0, 10, 4153.48, 936093, 148
230, 7, 199, 265, 70, 0, 16.46%, 0, 0, 10, 4157.26, 957295, 148
235, 7, 224, 265, 64, 0, 16.46%, 0, 0, 10, 4164.14, 978636, 148
240, 7, 222, 266, 63, 0, 16.46%, 0, 0, 10, 4171.23, 999912, 148
245, 7, 190, 266, 62, 0, 16.46%, 0, 0, 10, 4178.60, 1021274, 148
250, 8, 226, 267, 62, 0, 16.46%, 0, 0, 10, 4174.35, 1042627, 148
256, 8, 28, 267, 61, 0, 16.46%, 0, 0, 10, 4186.78, 1064224, 148
261, 8, 28, 267, 60, 0, 16.46%, 0, 0, 10, 4167.85, 1085611, 148
266, 8, 223, 267, 58, 0, 16.46%, 0, 0, 10, 4180.37, 1107118, 148
271, 8, 190, 267, 56, 0, 16.46%, 0, 0, 10, 4183.42, 1128615, 148
276, 9, 204, 267, 56, 0, 16.46%, 0, 0, 10, 4179.79, 1149835, 148
281, 9, 147, 267, 53, 0, 16.46%, 0, 0, 10, 4193.70, 1171250, 148
286, 9, 80, 267, 51, 0, 16.46%, 0, 0, 10, 4153.83, 1192311, 148
291, 9, 116, 268, 49, 0, 16.46%, 0, 0, 10, 4158.63, 1213703, 148
296, 9, 81, 268, 48, 0, 16.46%, 0, 0, 10, 4171.76, 1235175, 148
302, 9, 212, 268, 46, 0, 16.46%, 0, 0, 10, 4172.49, 1256544, 148
307, 10, 190, 268, 45, 0, 16.46%, 0, 0, 10, 4132.69, 1277769, 148
312, 10, 43, 270, 46, 0, 16.46%, 0, 0, 10, 4162.53, 1299217, 148
317, 10, 53, 270, 44, 0, 16.46%, 0, 0, 10, 471.07, 1316791, 148
322, 10, 259, 270, 44, 0, 16.46%, 0, 0, 10, 460.43, 1319085, 148
327, 10, 112, 270, 44, 0, 16.46%, 0, 0, 10, 450.73, 1321343, 148
332, 10, 269, 270, 44, 0, 16.46%, 0, 0, 10, 452.09, 1323627, 148
337, 10, 28, 270, 43, 0, 16.46%, 0, 0, 10, 460.25, 1325970, 148
342, 10, 220, 270, 43, 0, 16.46%, 0, 0, 10, 456.19, 1328271, 148
347, 10, 212, 270, 43, 0, 16.46%, 0, 0, 10, 450.09, 1330498, 148
352, 10, 51, 270, 43, 0, 16.46%, 0, 0, 10, 449.62, 1332797, 148
357, 10, 77, 270, 43, 0, 16.46%, 0, 0, 10, 457.32, 1335117, 148
362, 10, 88, 270, 43, 0, 16.46%, 0, 0, 10, 458.29, 1337412, 148
368, 10, 53, 270, 43, 0, 16.46%, 0, 0, 10, 455.37, 1339752, 148
373, 10, 53, 270, 43, 0, 16.46%, 0, 0, 10, 443.90, 1341953, 148
378, 10, 216, 270, 43, 0, 16.46%, 0, 0, 10, 450.11, 1344302, 148
383, 10, 61, 270, 43, 0, 16.46%, 0, 0, 10, 454.26, 1346596, 148
388, 10, 53, 271, 43, 0, 16.46%, 0, 0, 10, 453.42, 1348848, 148
393, 10, 216, 271, 43, 0, 16.46%, 0, 0, 10, 439.22, 1351035, 148
398, 10, 223, 271, 43, 0, 16.46%, 0, 0, 10, 458.81, 1353361, 148
403, 10, 1, 271, 43, 0, 16.46%, 0, 0, 10, 453.36, 1355631, 148
408, 10, 138, 271, 43, 0, 16.46%, 0, 0, 10, 437.16, 1357835, 148
413, 10, 216, 271, 43, 0, 16.46%, 0, 0, 10, 445.12, 1360103, 148
418, 10, 92, 271, 43, 0, 16.46%, 0, 0, 10, 443.42, 1362363, 148
423, 10, 220, 271, 43, 0, 16.46%, 0, 0, 10, 451.15, 1364654, 148
428, 10, 112, 271, 42, 0, 16.46%, 0, 0, 10, 456.49, 1366956, 148
433, 10, 77, 271, 42, 0, 16.46%, 0, 0, 10, 433.62, 1369122, 148
438, 10, 204, 271, 42, 0, 16.46%, 0, 0, 10, 447.16, 1371411, 148
443, 10, 190, 271, 42, 0, 16.46%, 0, 0, 10, 451.86, 1373682, 148
448, 10, 175, 271, 42, 0, 16.46%, 0, 0, 10, 447.42, 1375955, 148
453, 10, 53, 271, 42, 0, 16.46%, 0, 0, 10, 448.06, 1378242, 148
458, 10, 53, 271, 42, 0, 16.46%, 0, 0, 10, 452.61, 1380505, 148
463, 10, 204, 271, 41, 0, 16.46%, 0, 0, 10, 446.26, 1382742, 148
468, 10, 138, 271, 41, 0, 16.46%, 0, 0, 10, 449.71, 1385008, 148
474, 10, 212, 271, 41, 0, 16.46%, 0, 0, 10, 448.31, 1387268, 148
479, 10, 51, 271, 40, 0, 16.46%, 0, 0, 10, 457.65, 1389597, 148
484, 10, 224, 271, 40, 0, 16.46%, 0, 0, 10, 449.62, 1391848, 148
489, 11, 238, 271, 40, 0, 16.46%, 0, 0, 10, 443.99, 1394164, 148
494, 11, 43, 271, 39, 0, 16.46%, 0, 0, 10, 453.73, 1396470, 148
499, 11, 127, 271, 39, 0, 16.46%, 0, 0, 10, 452.25, 1398819, 148
504, 11, 112, 271, 39, 0, 16.46%, 0, 0, 10, 443.00, 1401061, 148
509, 11, 215, 271, 38, 0, 16.46%, 0, 0, 10, 446.72, 1403343, 148
514, 11, 163, 271, 38, 0, 16.46%, 0, 0, 10, 448.98, 1405642, 148
519, 11, 28, 271, 38, 0, 16.46%, 0, 0, 10, 451.04, 1407902, 148
524, 11, 204, 271, 38, 0, 16.46%, 0, 0, 10, 435.80, 1410103, 148
529, 11, 165, 271, 37, 0, 16.46%, 0, 0, 10, 457.72, 1412434, 148
534, 11, 220, 271, 37, 0, 16.46%, 0, 0, 10, 446.57, 1414647, 148
539, 11, 119, 271, 37, 0, 16.46%, 0, 0, 10, 430.33, 1416820, 148
544, 11, 238, 271, 37, 0, 16.46%, 0, 0, 10, 448.21, 1419111, 148
550, 11, 209, 271, 37, 0, 16.46%, 0, 0, 10, 450.47, 1421365, 148
555, 11, 64, 271, 37, 0, 16.46%, 0, 0, 10, 441.98, 1423587, 148
560, 11, 178, 271, 37, 0, 16.46%, 0, 0, 10, 453.72, 1425964, 148
565, 11, 35, 271, 37, 0, 16.46%, 0, 0, 10, 440.40, 1428244, 148
570, 11, 43, 271, 37, 0, 16.46%, 0, 0, 10, 449.56, 1430538, 148
575, 11, 165, 271, 37, 0, 16.46%, 0, 0, 10, 455.76, 1432807, 148
580, 11, 13, 271, 37, 0, 16.46%, 0, 0, 10, 440.22, 1435043, 148
585, 11, 178, 271, 37, 0, 16.46%, 0, 0, 10, 443.25, 1437312, 148
590, 11, 88, 271, 37, 0, 16.46%, 0, 0, 10, 458.07, 1439631, 148
595, 11, 139, 271, 37, 0, 16.46%, 0, 0, 10, 456.70, 1441913, 148
600, 11, 213, 271, 37, 0, 16.46%, 0, 0, 10, 450.86, 1444172, 148
605, 11, 217, 272, 38, 0, 16.46%, 0, 0, 10, 443.89, 1446486, 148
610, 11, 43, 272, 38, 0, 16.46%, 0, 0, 10, 457.23, 1448819, 148
616, 11, 216, 272, 38, 0, 16.46%, 0, 0, 10, 451.44, 1451086, 148
621, 11, 212, 273, 39, 0, 16.46%, 0, 0, 10, 450.92, 1453372, 148
626, 11, 199, 273, 39, 0, 16.46%, 0, 0, 10, 457.67, 1455672, 148
631, 11, 98, 273, 39, 0, 16.46%, 0, 0, 10, 440.71, 1457891, 148
636, 11, 190, 274, 39, 0, 16.57%, 0, 0, 10, 376.78, 1459894, 149
641, 11, 220, 275, 40, 0, 16.57%, 0, 0, 10, 434.36, 1462177, 149
646, 11, 35, 275, 38, 0, 16.57%, 0, 0, 10, 442.62, 1464420, 149
651, 11, 204, 275, 38, 0, 16.57%, 0, 0, 10, 443.42, 1466650, 149
656, 11, 212, 275, 38, 0, 16.57%, 0, 0, 10, 443.56, 1468887, 149
661, 11, 221, 275, 38, 0, 16.57%, 0, 0, 10, 456.36, 1471204, 149
666, 11, 273, 275, 38, 0, 16.57%, 0, 0, 10, 436.71, 1473339, 149
671, 11, 147, 276, 39, 0, 16.57%, 0, 0, 10, 447.36, 1475599, 149
676, 11, 204, 276, 39, 0, 16.57%, 0, 0, 10, 445.46, 1477831, 149
681, 11, 223, 276, 39, 0, 16.57%, 0, 0, 10, 453.14, 1480115, 149
686, 11, 90, 276, 39, 0, 16.57%, 0, 0, 10, 451.71, 1482383, 149
691, 11, 190, 276, 38, 0, 16.57%, 0, 0, 10, 438.74, 1484584, 149
696, 11, 217, 276, 38, 0, 16.57%, 0, 0, 10, 452.19, 1486867, 149
702, 11, 220, 276, 38, 0, 16.57%, 0, 0, 10, 458.80, 1489222, 149
707, 11, 212, 276, 38, 0, 16.57%, 0, 0, 10, 434.22, 1491362, 149
712, 11, 225, 276, 38, 0, 16.57%, 0, 0, 10, 444.37, 1493679, 149
717, 11, 223, 276, 38, 0, 16.57%, 0, 0, 10, 449.41, 1495944, 149
722, 11, 199, 276, 38, 0, 16.57%, 0, 0, 10, 444.33, 1498198, 149
727, 11, 221, 276, 38, 0, 16.57%, 0, 0, 10, 440.83, 1500451, 149
732, 11, 54, 276, 38, 0, 16.57%, 0, 0, 10, 450.85, 1502811, 149
737, 11, 226, 276, 38, 0, 16.57%, 0, 0, 10, 451.84, 1505090, 149
742, 11, 220, 276, 38, 0, 16.57%, 0, 0, 10, 453.61, 1507386, 149
747, 11, 43, 276, 38, 0, 16.57%, 0, 0, 10, 447.93, 1509651, 149
752, 12, 225, 276, 38, 0, 16.57%, 0, 0, 10, 452.28, 1512022, 149
757, 12, 165, 276, 38, 0, 16.57%, 0, 0, 10, 459.21, 1514330, 149
762, 12, 77, 276, 37, 0, 16.57%, 0, 0, 10, 444.46, 1516541, 149
768, 12, 28, 276, 37, 0, 16.57%, 0, 0, 10, 450.08, 1518815, 149
773, 12, 221, 276, 37, 0, 16.57%, 0, 0, 10, 452.68, 1521082, 149
778, 12, 8, 276, 37, 0, 16.57%, 0, 0, 10, 430.89, 1523229, 149
783, 12, 226, 276, 37, 0, 16.57%, 0, 0, 10, 446.76, 1525525, 149
788, 12, 43, 276, 36, 0, 16.57%, 0, 0, 10, 451.33, 1527798, 149
793, 12, 223, 276, 36, 0, 16.57%, 0, 0, 10, 440.67, 1529980, 149
798, 12, 227, 276, 36, 0, 16.57%, 0, 0, 10, 449.43, 1532281, 149
803, 12, 204, 276, 36, 0, 16.57%, 0, 0, 10, 449.75, 1534552, 149
808, 12, 178, 276, 36, 0, 16.57%, 0, 0, 10, 446.31, 1536885, 149
813, 12, 147, 276, 35, 0, 16.57%, 0, 0, 10, 452.42, 1539169, 149
818, 12, 220, 276, 34, 0, 16.57%, 0, 0, 10, 447.06, 1541498, 149
823, 12, 139, 276, 34, 0, 16.57%, 0, 0, 10, 456.63, 1543830, 149
828, 12, 35, 276, 34, 0, 16.57%, 0, 0, 10, 452.73, 1546100, 149
833, 12, 54, 276, 34, 0, 16.57%, 0, 0, 10, 448.47, 1548358, 149
838, 12, 25, 276, 34, 0, 16.57%, 0, 0, 10, 459.31, 1550686, 149
843, 12, 216, 276, 34, 0, 16.57%, 0, 0, 10, 446.29, 1552922, 149
848, 12, 175, 276, 34, 0, 16.57%, 0, 0, 10, 453.22, 1555221, 149
854, 12, 274, 276, 34, 0, 16.57%, 0, 0, 10, 445.16, 1557472, 149
859, 12, 51, 276, 33, 0, 16.57%, 0, 0, 10, 451.24, 1559856, 149
864, 12, 212, 276, 33, 0, 16.57%, 0, 0, 10, 454.60, 1562134, 149
869, 12, 178, 276, 33, 0, 16.57%, 0, 0, 10, 447.67, 1564383, 149
874, 12, 98, 276, 33, 0, 16.57%, 0, 0, 10, 448.85, 1566665, 149
879, 12, 204, 276, 33, 0, 16.57%, 0, 0, 10, 451.14, 1568955, 149
884, 12, 147, 276, 33, 0, 16.57%, 0, 0, 10, 449.33, 1571258, 149
889, 12, 204, 276, 33, 0, 16.57%, 0, 0, 10, 454.39, 1573610, 149
894, 12, 43, 276, 33, 0, 16.57%, 0, 0, 10, 447.09, 1575860, 149
899, 12, 112, 276, 33, 0, 16.57%, 0, 0, 10, 444.15, 1578135, 149
904, 12, 215, 276, 33, 0, 16.57%, 0, 0, 10, 455.20, 1580455, 149
909, 12, 53, 276, 33, 0, 16.57%, 0, 0, 10, 439.27, 1582642, 149
914, 12, 225, 276, 33, 0, 16.57%, 0, 0, 10, 451.42, 1584927, 149
919, 12, 204, 276, 33, 0, 16.57%, 0, 0, 10, 457.94, 1587245, 149
924, 12, 216, 276, 33, 0, 16.57%, 0, 0, 10, 453.10, 1589537, 149
929, 12, 92, 276, 33, 0, 16.57%, 0, 0, 10, 458.48, 1591851, 149
934, 12, 127, 276, 33, 0, 16.57%, 0, 0, 10, 445.91, 1594088, 149
940, 12, 28, 276, 33, 0, 16.57%, 0, 0, 10, 448.66, 1596399, 149
945, 12, 216, 276, 33, 0, 16.57%, 0, 0, 10, 443.75, 1598609, 149
950, 12, 222, 276, 33, 0, 16.57%, 0, 0, 10, 442.99, 1600854, 149
955, 12, 47, 276, 33, 0, 16.57%, 0, 0, 10, 447.75, 1603141, 149
960, 12, 42, 276, 33, 0, 16.57%, 0, 0, 10, 453.84, 1605457, 149
965, 12, 88, 276, 32, 0, 16.57%, 0, 0, 10, 463.91, 1607782, 149
970, 12, 199, 276, 32, 0, 16.57%, 0, 0, 10, 457.51, 1610049, 149
975, 12, 43, 276, 32, 0, 16.57%, 0, 0, 10, 447.79, 1612291, 149
980, 12, 221, 276, 32, 0, 16.57%, 0, 0, 10, 464.05, 1614647, 149
985, 12, 43, 276, 32, 0, 16.57%, 0, 0, 10, 445.10, 1616838, 149
990, 12, 270, 276, 32, 0, 16.57%, 0, 0, 10, 462.26, 1619168, 149
995, 12, 28, 276, 31, 0, 16.57%, 0, 0, 10, 458.44, 1621453, 149
1000, 12, 224, 276, 31, 0, 16.57%, 0, 0, 10, 452.08, 1623790, 149
1005, 12, 112, 276, 30, 0, 16.57%, 0, 0, 10, 446.78, 1626048, 149
1011, 12, 212, 276, 30, 0, 16.57%, 0, 0, 10, 442.58, 1628362, 149
1016, 13, 212, 276, 30, 0, 16.57%, 0, 0, 10, 454.07, 1630655, 149
1021, 13, 204, 276, 30, 0, 16.57%, 0, 0, 10, 454.31, 1632939, 149
1026, 13, 43, 276, 30, 0, 16.57%, 0, 0, 10, 439.10, 1635189, 149
1031, 13, 43, 276, 30, 0, 16.57%, 0, 0, 10, 449.13, 1637458, 149
1036, 13, 46, 276, 30, 0, 16.57%, 0, 0, 10, 444.62, 1639687, 149
1041, 13, 213, 276, 30, 0, 16.57%, 0, 0, 10, 448.80, 1641936, 149
1046, 13, 43, 276, 30, 0, 16.57%, 0, 0, 10, 440.47, 1644133, 149
1051, 13, 165, 276, 30, 0, 16.57%, 0, 0, 10, 449.44, 1646398, 149
1056, 13, 28, 276, 30, 0, 16.57%, 0, 0, 10, 452.12, 1648643, 149
1061, 13, 98, 276, 29, 0, 16.57%, 0, 0, 10, 442.86, 1650973, 149
1066, 13, 221, 276, 29, 0, 16.57%, 0, 0, 10, 444.55, 1653241, 149
1071, 13, 163, 276, 29, 0, 16.57%, 0, 0, 10, 443.48, 1655469, 149
1076, 13, 175, 276, 29, 0, 16.57%, 0, 0, 10, 449.03, 1657747, 149
1081, 13, 224, 276, 29, 0, 16.57%, 0, 0, 10, 441.64, 1659970, 149
1086, 13, 178, 276, 29, 0, 16.57%, 0, 0, 10, 440.98, 1662213, 149
1092, 13, 127, 276, 29, 0, 16.57%, 0, 0, 10, 450.11, 1664493, 149
1097, 13, 217, 276, 29, 0, 16.57%, 0, 0, 10, 453.89, 1666750, 149
1102, 13, 204, 276, 29, 0, 16.57%, 0, 0, 10, 445.42, 1668991, 149
1107, 13, 221, 276, 29, 0, 16.57%, 0, 0, 10, 444.88, 1671257, 149
1112, 13, 81, 276, 29, 0, 16.57%, 0, 0, 10, 457.03, 1673569, 149
1117, 13, 226, 276, 28, 0, 16.57%, 0, 0, 10, 447.69, 1675808, 149
1122, 13, 28, 276, 28, 0, 16.57%, 0, 0, 10, 443.83, 1678049, 149
1127, 13, 273, 276, 28, 0, 16.57%, 0, 0, 10, 430.90, 1680206, 149
1132, 13, 212, 276, 28, 0, 16.57%, 0, 0, 10, 440.05, 1682521, 149
1137, 13, 204, 276, 28, 0, 16.57%, 0, 0, 10, 447.62, 1684862, 149
1142, 13, 220, 276, 28, 0, 16.57%, 0, 0, 10, 452.23, 1687176, 149
1147, 13, 212, 276, 28, 0, 16.57%, 0, 0, 10, 444.83, 1689424, 149
1152, 13, 43, 276, 28, 0, 16.57%, 0, 0, 10, 440.69, 1691652, 149
1157, 13, 43, 276, 28, 0, 16.57%, 0, 0, 10, 445.88, 1693919, 149
1162, 13, 227, 276, 28, 0, 16.57%, 0, 0, 10, 444.49, 1696145, 149
1167, 13, 66, 276, 28, 0, 16.57%, 0, 0, 10, 453.82, 1698443, 149
1172, 13, 124, 276, 28, 0, 16.57%, 0, 0, 10, 458.66, 1700728, 149
1178, 13, 27, 276, 28, 0, 16.57%, 0, 0, 10, 448.44, 1702963, 149
1183, 13, 165, 276, 28, 0, 16.57%, 0, 0, 10, 458.27, 1705268, 149
1188, 13, 28, 276, 28, 0, 16.57%, 0, 0, 10, 441.71, 1707480, 149
1193, 13, 221, 276, 28, 0, 16.57%, 0, 0, 10, 444.93, 1709730, 149
1198, 13, 43, 276, 28, 0, 16.57%, 0, 0, 10, 453.13, 1712046, 149
1203, 13, 147, 276, 28, 0, 16.57%, 0, 0, 10, 454.17, 1714365, 149
1208, 13, 112, 276, 28, 0, 16.57%, 0, 0, 10, 452.84, 1716644, 149
1213, 13, 119, 276, 28, 0, 16.57%, 0, 0, 10, 455.98, 1719019, 149
1218, 13, 225, 276, 28, 0, 16.57%, 0, 0, 10, 451.96, 1721281, 149
1223, 13, 212, 276, 28, 0, 16.57%, 0, 0, 10, 449.17, 1723527, 149
1228, 13, 165, 276, 28, 0, 16.57%, 0, 0, 10, 457.71, 1725830, 149
1233, 13, 43, 276, 28, 0, 16.57%, 0, 0, 10, 456.17, 1728108, 149
1238, 13, 112, 276, 28, 0, 16.57%, 0, 0, 10, 450.98, 1730480, 149
1244, 13, 88, 276, 28, 0, 16.57%, 0, 0, 10, 459.79, 1732838, 149
1249, 13, 212, 276, 28, 0, 16.57%, 0, 0, 10, 449.73, 1735057, 149
1254, 13, 217, 276, 28, 0, 16.57%, 0, 0, 10, 459.16, 1737366, 149
1259, 13, 98, 276, 28, 0, 16.57%, 0, 0, 10, 459.33, 1739658, 149
1264, 13, 66, 276, 28, 0, 16.57%, 0, 0, 10, 453.38, 1742002, 149
1269, 13, 212, 276, 28, 0, 16.57%, 0, 0, 10, 450.70, 1744265, 149
1274, 14, 220, 276, 28, 0, 16.57%, 0, 0, 10, 460.32, 1746590, 149
1279, 14, 27, 276, 28, 0, 16.57%, 0, 0, 10, 453.48, 1748870, 149
1284, 14, 212, 276, 28, 0, 16.57%, 0, 0, 10, 446.90, 1751127, 149
1289, 14, 215, 276, 28, 0, 16.57%, 0, 0, 10, 454.44, 1753442, 149
1294, 14, 212, 276, 28, 0, 16.57%, 0, 0, 10, 448.38, 1755702, 149
1299, 14, 28, 276, 28, 0, 16.57%, 0, 0, 10, 451.91, 1757976, 149
1304, 14, 28, 276, 28, 0, 16.57%, 0, 0, 10, 436.29, 1760163, 149
1309, 14, 28, 276, 28, 0, 16.57%, 0, 0, 10, 434.35, 1762426, 149
1314, 14, 192, 276, 28, 0, 16.57%, 0, 0, 10, 450.63, 1764711, 149
1319, 14, 216, 276, 28, 0, 16.57%, 0, 0, 10, 446.83, 1766960, 149
1324, 14, 92, 276, 28, 0, 16.57%, 0, 0, 10, 450.28, 1769216, 149
1330, 14, 204, 276, 28, 0, 16.57%, 0, 0, 10, 444.43, 1771450, 149
1335, 14, 216, 276, 28, 0, 16.57%, 0, 0, 10, 449.24, 1773719, 149
1340, 14, 119, 276, 28, 0, 16.57%, 0, 0, 10, 455.58, 1775986, 149
1345, 14, 98, 276, 28, 0, 16.57%, 0, 0, 10, 445.97, 1778208, 149
1350, 14, 28, 276, 28, 0, 16.57%, 0, 0, 10, 444.77, 1780454, 149
1355, 14, 220, 276, 28, 0, 16.57%, 0, 0, 10, 456.71, 1782733, 149
1360, 14, 66, 277, 29, 0, 16.57%, 0, 0, 10, 449.95, 1784981, 149
1365, 14, 138, 277, 29, 0, 16.57%, 0, 0, 10, 450.13, 1787247, 149
1370, 14, 98, 277, 29, 0, 16.57%, 0, 0, 10, 445.92, 1789480, 149
1375, 14, 28, 277, 29, 0, 16.57%, 0, 0, 10, 449.41, 1791736, 149
1380, 14, 225, 277, 29, 0, 16.57%, 0, 0, 10, 441.08, 1793978, 149
1385, 14, 204, 277, 29, 0, 16.57%, 0, 0, 10, 453.31, 1796319, 149
1390, 14, 46, 277, 29, 0, 16.57%, 0, 0, 10, 452.44, 1798591, 149
1395, 14, 43, 277, 29, 0, 16.57%, 0, 0, 10, 450.73, 1800837, 149
1400, 14, 127, 277, 29, 0, 16.57%, 0, 0, 10, 456.06, 1803094, 149
1405, 14, 204, 277, 29, 0, 16.57%, 0, 0, 10, 451.79, 1805346, 149
1410, 14, 238, 277, 29, 0, 16.57%, 0, 0, 10, 454.08, 1807637, 149
1415, 14, 227, 277, 29, 0, 16.57%, 0, 0, 10, 460.98, 1809956, 149
1420, 14, 124, 277, 29, 0, 16.57%, 0, 0, 10, 440.17, 1812146, 149
1425, 14, 28, 277, 29, 0, 16.57%, 0, 0, 10, 455.60, 1814457, 149
1430, 14, 213, 277, 29, 0, 16.57%, 0, 0, 10, 448.31, 1816711, 149
1435, 14, 210, 277, 29, 0, 16.57%, 0, 0, 10, 455.67, 1818998, 149
1440, 14, 212, 277, 29, 0, 16.57%, 0, 0, 10, 451.07, 1821233, 149
1446, 14, 190, 277, 29, 0, 16.57%, 0, 0, 10, 443.23, 1823459, 149
1451, 14, 43, 277, 29, 0, 16.57%, 0, 0, 10, 443.23, 1825768, 149
1456, 14, 33, 277, 29, 0, 16.57%, 0, 0, 10, 453.49, 1828041, 149
1461, 14, 43, 277, 29, 0, 16.57%, 0, 0, 10, 449.92, 1830328, 149
1466, 14, 204, 278, 30, 0, 16.57%, 0, 0, 10, 444.54, 1832576, 149
1471, 14, 221, 278, 30, 0, 16.57%, 0, 0, 10, 455.99, 1834880, 149
1476, 14, 56, 278, 30, 0, 16.57%, 0, 0, 10, 441.43, 1837066, 149
1481, 14, 53, 278, 30, 0, 16.57%, 0, 0, 10, 441.39, 1839344, 149
1486, 14, 127, 278, 30, 0, 16.57%, 0, 0, 10, 438.80, 1841580, 149
1491, 14, 225, 278, 30, 0, 16.57%, 0, 0, 10, 446.91, 1843828, 149
1496, 14, 216, 279, 31, 0, 16.57%, 0, 0, 10, 447.55, 1846106, 149
1501, 14, 56, 280, 32, 0, 16.57%, 0, 0, 10, 440.96, 1848333, 149
1506, 14, 221, 280, 32, 0, 16.57%, 0, 0, 10, 439.32, 1850633, 149
1511, 14, 276, 283, 35, 0, 16.57%, 0, 0, 10, 434.47, 1852855, 149
1516, 14, 276, 285, 37, 0, 16.57%, 0, 0, 10, 444.42, 1855125, 149
1522, 14, 276, 285, 37, 0, 16.57%, 0, 0, 10, 452.11, 1857373, 149
1527, 14, 276, 285, 37, 0, 16.57%, 0, 0, 10, 395.17, 1859269, 149
1532, 14, 276, 285, 37, 0, 16.57%, 0, 0, 10, 440.87, 1861533, 149
1537, 14, 276, 285, 37, 0, 16.57%, 0, 0, 10, 439.16, 1863725, 149
1542, 14, 190, 285, 36, 0, 16.57%, 0, 0, 10, 443.96, 1865960, 149
1547, 14, 147, 285, 36, 0, 16.57%, 0, 0, 10, 436.20, 1868147, 149
1552, 14, 278, 286, 37, 0, 16.57%, 0, 0, 10, 442.57, 1870415, 149
1557, 14, 278, 287, 38, 0, 16.57%, 0, 0, 10, 457.53, 1872741, 149
1562, 14, 66, 287, 37, 0, 16.57%, 0, 0, 10, 453.28, 1874989, 149
1567, 14, 28, 287, 37, 0, 16.57%, 0, 0, 10, 456.03, 1877286, 149
1572, 14, 217, 287, 37, 0, 16.57%, 0, 0, 10, 445.68, 1879498, 149
1577, 14, 43, 287, 37, 0, 16.57%, 0, 0, 10, 452.43, 1881771, 149
1582, 14, 267, 287, 37, 0, 16.57%, 0, 0, 10, 450.99, 1884026, 149
1587, 14, 238, 287, 36, 0, 16.57%, 0, 0, 10, 444.02, 1886255, 149
1592, 14, 213, 288, 37, 0, 16.57%, 0, 0, 10, 448.31, 1888516, 149
1597, 14, 66, 288, 37, 0, 16.57%, 0, 0, 10, 455.13, 1890808, 149
1602, 15, 281, 288, 37, 0, 16.57%, 0, 0, 10, 441.64, 1893020, 149
1607, 15, 204, 288, 36, 0, 16.57%, 0, 0, 10, 444.69, 1895261, 149
1612, 15, 80, 288, 36, 0, 16.57%, 0, 0, 10, 450.95, 1897597, 149
1617, 15, 43, 288, 35, 0, 16.57%, 0, 0, 10, 457.06, 1899863, 149
1622, 15, 217, 288, 35, 0, 16.57%, 0, 0, 10, 444.45, 1902051, 149
1628, 15, 80, 288, 35, 0, 16.57%, 0, 0, 10, 450.79, 1904341, 149
1633, 15, 282, 288, 35, 0, 16.57%, 0, 0, 10, 438.76, 1906563, 149
1638, 15, 216, 288, 34, 0, 16.57%, 0, 0, 10, 444.81, 1908790, 149
1643, 15, 217, 288, 34, 0, 16.57%, 0, 0, 10, 445.47, 1911054, 149
1648, 15, 238, 288, 34, 0, 16.57%, 0, 0, 10, 455.16, 1913380, 149
1653, 15, 210, 288, 34, 0, 16.57%, 0, 0, 10, 455.32, 1915655, 149
1658, 15, 216, 288, 34, 0, 16.57%, 0, 0, 10, 454.62, 1917934, 149
1663, 15, 77, 288, 34, 0, 16.57%, 0, 0, 10, 445.37, 1920238, 149
1668, 15, 227, 288, 34, 0, 16.57%, 0, 0, 10, 445.12, 1922458, 149
1673, 15, 56, 288, 34, 0, 16.57%, 0, 0, 10, 451.28, 1924720, 149
1678, 15, 165, 288, 34, 0, 16.57%, 0, 0, 10, 440.30, 1926934, 149
1683, 15, 225, 288, 34, 0, 16.57%, 0, 0, 10, 447.18, 1929215, 149
1688, 15, 28, 288, 34, 0, 16.57%, 0, 0, 10, 454.86, 1931497, 149
1693, 15, 80, 288, 34, 0, 16.57%, 0, 0, 10, 450.14, 1933777, 149
1698, 15, 112, 288, 34, 0, 16.57%, 0, 0, 10, 459.04, 1936171, 149
1703, 15, 54, 288, 34, 0, 16.57%, 0, 0, 10, 458.74, 1938480, 149
1708, 15, 28, 288, 34, 0, 16.57%, 0, 0, 10, 451.95, 1940718, 149
1714, 15, 216, 288, 34, 0, 16.57%, 0, 0, 10, 443.64, 1942962, 149
1719, 15, 221, 288, 34, 0, 16.57%, 0, 0, 10, 458.86, 1945305, 149
1724, 15, 217, 288, 34, 0, 16.57%, 0, 0, 10, 451.23, 1947558, 149
1729, 15, 213, 288, 34, 0, 16.57%, 0, 0, 10, 447.76, 1949812, 149
1734, 15, 199, 288, 34, 0, 16.57%, 0, 0, 10, 440.10, 1952032, 149
1739, 15, 47, 288, 34, 0, 16.57%, 0, 0, 10, 444.01, 1954339, 149
1744, 15, 190, 288, 34, 0, 16.57%, 0, 0, 10, 443.33, 1956569, 149
1749, 15, 212, 288, 34, 0, 16.57%, 0, 0, 10, 444.45, 1958838, 149
1754, 15, 53, 288, 33, 0, 16.57%, 0, 0, 10, 444.90, 1961097, 149
1759, 15, 43, 288, 33, 0, 16.57%, 0, 0, 10, 445.30, 1963353, 149
1764, 15, 92, 288, 33, 0, 16.57%, 0, 0, 10, 446.08, 1965635, 149
1769, 15, 163, 288, 33, 0, 16.57%, 0, 0, 10, 458.85, 1967961, 149
1774, 15, 4, 288, 33, 0, 16.57%, 0, 0, 10, 449.52, 1970202, 149
1779, 15, 221, 288, 32, 0, 16.57%, 0, 0, 10, 448.97, 1972445, 149
1784, 15, 204, 288, 32, 0, 16.57%, 0, 0, 10, 453.17, 1974716, 149
1789, 15, 124, 288, 32, 0, 16.57%, 0, 0, 10, 448.18, 1976969, 149
1794, 15, 225, 290, 34, 0, 16.57%, 0, 0, 10, 456.08, 1979256, 149
1799, 15, 226, 290, 34, 0, 16.57%, 0, 0, 10, 447.05, 1981472, 149
1804, 15, 227, 290, 34, 0, 16.57%, 0, 0, 10, 447.43, 1983749, 149
1809, 15, 165, 290, 34, 0, 16.57%, 0, 0, 10, 444.64, 1986006, 149
1814, 15, 61, 290, 34, 0, 16.57%, 0, 0, 10, 450.55, 1988317, 149
1820, 15, 204, 290, 34, 0, 16.57%, 0, 0, 10, 448.06, 1990586, 149
1825, 15, 223, 290, 34, 0, 16.57%, 0, 0, 10, 445.85, 1992837, 149
1830, 15, 28, 290, 34, 0, 16.57%, 0, 0, 10, 449.18, 1995089, 149
1835, 15, 147, 290, 34, 0, 16.57%, 0, 0, 10, 447.70, 1997341, 149
1840, 15, 43, 290, 34, 0, 16.57%, 0, 0, 10, 441.55, 1999637, 149
1845, 15, 53, 290, 34, 0, 16.57%, 0, 0, 10, 450.75, 2001910, 149
1850, 15, 138, 290, 34, 0, 16.57%, 0, 0, 10, 442.82, 2004092, 149
1855, 15, 126, 290, 34, 0, 16.57%, 0, 0, 10, 439.22, 2006309, 149
1860, 15, 66, 290, 34, 0, 16.57%, 0, 0, 10, 448.30, 2008582, 149
1865, 15, 204, 290, 34, 0, 16.57%, 0, 0, 10, 453.47, 2010856, 149
1870, 15, 53, 290, 34, 0, 16.57%, 0, 0, 10, 453.94, 2013117, 149
1875, 16, 216, 290, 34, 0, 16.57%, 0, 0, 10, 447.66, 2015339, 149
1880, 16, 289, 290, 34, 0, 16.57%, 0, 0, 10, 449.85, 2017608, 149
1885, 16, 289, 295, 39, 0, 16.57%, 0, 0, 11, 449.42, 2019848, 149
1890, 16, 289, 296, 40, 0, 16.57%, 0, 0, 11, 446.27, 2022087, 149
1895, 16, 289, 296, 40, 0, 16.57%, 0, 0, 11, 441.55, 2024303, 149
1900, 16, 289, 296, 40, 0, 16.57%, 0, 0, 11, 446.23, 2026551, 149
1905, 16, 289, 296, 40, 0, 16.57%, 0, 0, 11, 440.11, 2028765, 149
1910, 16, 199, 296, 39, 0, 16.57%, 0, 0, 11, 432.03, 2030911, 149
1915, 16, 51, 296, 39, 0, 16.57%, 0, 0, 11, 444.24, 2033144, 149
1920, 16, 226, 296, 39, 0, 16.57%, 0, 0, 11, 446.90, 2035380, 149
1926, 16, 212, 296, 39, 0, 16.57%, 0, 0, 11, 453.02, 2037657, 149
1931, 16, 165, 296, 39, 0, 16.57%, 0, 0, 11, 446.71, 2039897, 149
1936, 16, 204, 296, 39, 0, 16.57%, 0, 0, 11, 438.45, 2042108, 149
1941, 16, 28, 296, 39, 0, 16.57%, 0, 0, 11, 442.02, 2044364, 149
1946, 16, 229, 296, 39, 0, 16.57%, 0, 0, 11, 455.63, 2046675, 149
1951, 16, 204, 296, 38, 0, 16.57%, 0, 0, 11, 454.39, 2048949, 149
1956, 16, 47, 296, 38, 0, 16.57%, 0, 0, 11, 446.00, 2051195, 149
1961, 16, 56, 296, 38, 0, 16.57%, 0, 0, 11, 439.92, 2053425, 149
1966, 16, 28, 296, 38, 0, 16.57%, 0, 0, 11, 446.35, 2055699, 149
1971, 16, 215, 296, 38, 0, 16.57%, 0, 0, 11, 441.29, 2057910, 149
1976, 16, 222, 296, 38, 0, 16.57%, 0, 0, 11, 441.29, 2060152, 149
1981, 16, 215, 296, 38, 0, 16.57%, 0, 0, 11, 447.34, 2062464, 149
1986, 16, 213, 296, 38, 0, 16.57%, 0, 0, 11, 451.20, 2064808, 149
1991, 16, 28, 296, 38, 0, 16.57%, 0, 0, 11, 438.39, 2067010, 149
1996, 16, 163, 296, 38, 0, 16.57%, 0, 0, 11, 446.36, 2069282, 149
2001, 16, 212, 296, 38, 0, 16.57%, 0, 0, 11, 458.39, 2071608, 149
2006, 16, 221, 296, 38, 0, 16.57%, 0, 0, 11, 454.23, 2073914, 149
2011, 16, 66, 296, 38, 0, 16.57%, 0, 0, 11, 450.85, 2076190, 149
2016, 16, 138, 296, 38, 0, 16.57%, 0, 0, 11, 447.13, 2078449, 149
2021, 16, 220, 296, 38, 0, 16.57%, 0, 0, 11, 454.15, 2080776, 149
2026, 16, 43, 296, 38, 0, 16.57%, 0, 0, 11, 453.73, 2083056, 149
2032, 16, 244, 296, 38, 0, 16.57%, 0, 0, 11, 452.67, 2085339, 149
2037, 16, 43, 296, 38, 0, 16.57%, 0, 0, 11, 443.73, 2087632, 149
2042, 16, 66, 296, 38, 0, 16.57%, 0, 0, 11, 447.85, 2089903, 149
2047, 16, 28, 296, 38, 0, 16.57%, 0, 0, 11, 444.95, 2092152, 149
2052, 16, 28, 296, 38, 0, 16.57%, 0, 0, 11, 440.58, 2094412, 149
2057, 16, 66, 296, 38, 0, 16.57%, 0, 0, 11, 448.30, 2096678, 149
2062, 16, 225, 296, 38, 0, 16.57%, 0, 0, 11, 449.95, 2099012, 149
2067, 16, 43, 296, 38, 0, 16.57%, 0, 0, 11, 456.30, 2101303, 149
2072, 16, 190, 296, 38, 0, 16.57%, 0, 0, 11, 445.43, 2103586, 149
2077, 16, 25, 296, 38, 0, 16.57%, 0, 0, 11, 448.12, 2105848, 149
2082, 16, 28, 296, 38, 0, 16.57%, 0, 0, 11, 448.41, 2108132, 149
2088, 16, 147, 296, 38, 0, 16.57%, 0, 0, 11, 439.75, 2110409, 149
2093, 16, 224, 296, 38, 0, 16.57%, 0, 0, 11, 446.41, 2112688, 149
2098, 16, 33, 296, 38, 0, 16.57%, 0, 0, 11, 443.66, 2115015, 149
2103, 16, 43, 296, 38, 0, 16.57%, 0, 0, 11, 450.37, 2117296, 149
2108, 16, 53, 296, 38, 0, 16.57%, 0, 0, 11, 444.38, 2119541, 149
2113, 16, 212, 296, 38, 0, 16.57%, 0, 0, 11, 446.44, 2121829, 149
2118, 16, 33, 296, 38, 0, 16.57%, 0, 0, 11, 448.14, 2124105, 149
2123, 16, 224, 296, 38, 0, 16.57%, 0, 0, 11, 451.61, 2126385, 149
2128, 16, 150, 296, 38, 0, 16.57%, 0, 0, 11, 431.90, 2128538, 149
2133, 16, 43, 296, 38, 0, 16.57%, 0, 0, 11, 456.76, 2130866, 149
2138, 16, 66, 296, 38, 0, 16.57%, 0, 0, 11, 439.69, 2133055, 149
2143, 16, 28, 296, 38, 0, 16.57%, 0, 0, 11, 446.19, 2135327, 149
2148, 16, 204, 296, 38, 0, 16.57%, 0, 0, 11, 452.67, 2137606, 149
2153, 16, 215, 296, 38, 0, 16.57%, 0, 0, 11, 452.68, 2139851, 149
2158, 16, 28, 296, 38, 0, 16.57%, 0, 0, 11, 456.61, 2142170, 149
2163, 16, 226, 296, 38, 0, 16.57%, 0, 0, 11, 457.65, 2144463, 149
2168, 16, 221, 296, 38, 0, 16.57%, 0, 0, 11, 452.00, 2146698, 149
2174, 16, 212, 296, 38, 0, 16.57%, 0, 0, 11, 456.83, 2148998, 149
2179, 16, 28, 296, 38, 0, 16.57%, 0, 0, 11, 440.48, 2151205, 149
2184, 16, 226, 296, 38, 0, 16.57%, 0, 0, 11, 457.59, 2153541, 149
2189, 16, 43, 296, 37, 0, 16.57%, 0, 0, 11, 456.19, 2155833, 149
2194, 16, 147, 296, 37, 0, 16.57%, 0, 0, 11, 449.61, 2158089, 149
2199, 16, 147, 296, 37, 0, 16.57%, 0, 0, 11, 450.97, 2160359, 149
2204, 16, 204, 296, 37, 0, 16.57%, 0, 0, 11, 439.79, 2162571, 149
2209, 16, 43, 296, 37, 0, 16.57%, 0, 0, 11, 439.26, 2164793, 149
2214, 16, 28, 296, 37, 0, 16.57%, 0, 0, 11, 441.85, 2167065, 149
2219, 16, 216, 296, 37, 0, 16.57%, 0, 0, 11, 465.76, 2169435, 149
2224, 16, 43, 296, 37, 0, 16.57%, 0, 0, 11, 447.61, 2171620, 149
2229, 16, 88, 296, 37, 0, 16.57%, 0, 0, 11, 447.19, 2173887, 149
2234, 17, 204, 296, 37, 0, 16.57%, 0, 0, 11, 439.89, 2176126, 149
2239, 17, 51, 296, 37, 0, 16.57%, 0, 0, 11, 447.22, 2178396, 149
2244, 17, 213, 296, 37, 0, 16.57%, 0, 0, 11, 445.12, 2180633, 149
2249, 17, 204, 296, 37, 0, 16.57%, 0, 0, 11, 446.87, 2182890, 149
2254, 17, 112, 296, 37, 0, 16.57%, 0, 0, 11, 446.85, 2185161, 149
2259, 17, 147, 296, 37, 0, 16.57%, 0, 0, 11, 441.90, 2187399, 149
2264, 17, 178, 296, 37, 0, 16.57%, 0, 0, 11, 447.21, 2189679, 149
2269, 17, 222, 296, 37, 0, 16.57%, 0, 0, 11, 440.97, 2191922, 149
2274, 17, 147, 297, 38, 0, 16.57%, 0, 0, 11, 449.16, 2194268, 149
2280, 17, 165, 297, 38, 0, 16.57%, 0, 0, 11, 438.62, 2196466, 149
2285, 17, 28, 297, 38, 0, 16.57%, 0, 0, 11, 444.36, 2198741, 149
2290, 17, 98, 297, 38, 0, 16.57%, 0, 0, 11, 442.15, 2200970, 149
2295, 17, 28, 297, 38, 0, 16.57%, 0, 0, 11, 446.49, 2203222, 149
2300, 17, 112, 297, 38, 0, 16.57%, 0, 0, 11, 441.98, 2205429, 149
2305, 17, 43, 297, 38, 0, 16.57%, 0, 0, 11, 452.06, 2207736, 149
2310, 17, 47, 297, 38, 0, 16.57%, 0, 0, 11, 454.73, 2210028, 149
2315, 17, 53, 297, 38, 0, 16.57%, 0, 0, 11, 451.90, 2212294, 149
2320, 17, 112, 297, 38, 0, 16.57%, 0, 0, 11, 441.87, 2214524, 149
2325, 17, 201, 297, 38, 0, 16.57%, 0, 0, 11, 447.30, 2216797, 149
2330, 17, 204, 297, 38, 0, 16.57%, 0, 0, 11, 437.21, 2218982, 149
2335, 17, 212, 297, 38, 0, 16.57%, 0, 0, 11, 440.18, 2221199, 149
2340, 17, 220, 297, 38, 0, 16.57%, 0, 0, 11, 445.35, 2223439, 149
2345, 17, 199, 297, 38, 0, 16.57%, 0, 0, 11, 436.86, 2225663, 149
2350, 17, 138, 297, 38, 0, 16.57%, 0, 0, 11, 458.93, 2227996, 149
2355, 17, 222, 297, 37, 0, 16.57%, 0, 0, 11, 457.39, 2230299, 149
2360, 17, 238, 297, 37, 0, 16.57%, 0, 0, 11, 445.30, 2232546, 149
2365, 17, 163, 297, 37, 0, 16.57%, 0, 0, 11, 455.94, 2234866, 149
2370, 17, 296, 297, 37, 0, 16.57%, 0, 0, 11, 460.36, 2237196, 149
2375, 17, 296, 297, 37, 0, 16.57%, 0, 0, 11, 436.08, 2239364, 149
2380, 17, 216, 297, 36, 0, 16.57%, 0, 0, 11, 447.75, 2241650, 149
2385, 17, 220, 297, 36, 0, 16.57%, 0, 0, 11, 429.13, 2243825, 149
2390, 17, 28, 297, 36, 0, 16.57%, 0, 0, 11, 438.06, 2246059, 149
2396, 17, 238, 297, 36, 0, 16.57%, 0, 0, 11, 437.97, 2248377, 149
2401, 17, 220, 297, 36, 0, 16.57%, 0, 0, 11, 452.75, 2250730, 149
2406, 17, 28, 297, 36, 0, 16.57%, 0, 0, 11, 453.34, 2253067, 149
2411, 17, 190, 297, 36, 0, 16.57%, 0, 0, 11, 453.61, 2255355, 149
2416, 17, 220, 297, 36, 0, 16.57%, 0, 0, 11, 447.39, 2257610, 149
2421, 17, 216, 297, 36, 0, 16.57%, 0, 0, 11, 449.80, 2259860, 149
2426, 17, 43, 297, 36, 0, 16.57%, 0, 0, 11, 454.29, 2262229, 149
2431, 17, 28, 297, 36, 0, 16.57%, 0, 0, 11, 443.70, 2264486, 149
2436, 17, 212, 297, 36, 0, 16.57%, 0, 0, 11, 449.52, 2266763, 149
2441, 17, 28, 297, 36, 0, 16.57%, 0, 0, 11, 451.54, 2269019, 149
2446, 17, 25, 297, 36, 0, 16.57%, 0, 0, 11, 445.74, 2271254, 149
2452, 17, 43, 297, 36, 0, 16.57%, 0, 0, 11, 449.03, 2273527, 149
2457, 17, 224, 297, 36, 0, 16.57%, 0, 0, 11, 452.85, 2275815, 149
2462, 17, 43, 297, 36, 0, 16.57%, 0, 0, 11, 448.71, 2278127, 149
2467, 17, 215, 297, 36, 0, 16.57%, 0, 0, 11, 451.74, 2280436, 149
2472, 17, 223, 297, 36, 0, 16.57%, 0, 0, 11, 448.29, 2282699, 149
2477, 17, 163, 297, 36, 0, 16.57%, 0, 0, 11, 449.08, 2284973, 149
2482, 17, 28, 297, 36, 0, 16.57%, 0, 0, 11, 443.92, 2287217, 149
2487, 17, 224, 297, 36, 0, 16.57%, 0, 0, 11, 442.74, 2289520, 149
2492, 17, 213, 297, 36, 0, 16.57%, 0, 0, 11, 455.20, 2291913, 149
2497, 17, 54, 297, 36, 0, 16.57%, 0, 0, 11, 453.70, 2294186, 149
2502, 17, 294, 299, 38, 0, 16.57%, 0, 0, 12, 444.28, 2296390, 149
2507, 17, 294, 302, 41, 0, 16.57%, 0, 0, 12, 434.51, 2298555, 149
2512, 17, 294, 303, 42, 0, 16.57%, 0, 0, 12, 443.40, 2300762, 149
2518, 17, 294, 303, 42, 0, 16.57%, 0, 0, 12, 442.51, 2302970, 149
2523, 17, 215, 303, 41, 0, 16.57%, 0, 0, 12, 445.11, 2305237, 149
2528, 17, 215, 303, 41, 0, 16.57%, 0, 0, 12, 445.42, 2307478, 149
2533, 17, 220, 303, 41, 0, 16.57%, 0, 0, 12, 432.27, 2309734, 149
2538, 17, 138, 303, 41, 0, 16.57%, 0, 0, 12, 442.58, 2312037, 149
2543, 17, 284, 304, 42, 0, 16.57%, 0, 0, 12, 441.42, 2314276, 149
2548, 17, 222, 304, 41, 0, 16.57%, 0, 0, 12, 438.68, 2316500, 149
2553, 17, 163, 304, 41, 0, 16.57%, 0, 0, 12, 449.71, 2318778, 149
2558, 17, 80, 304, 41, 0, 16.57%, 0, 0, 12, 451.23, 2321055, 149
2563, 17, 199, 304, 41, 0, 16.57%, 0, 0, 12, 452.70, 2323332, 149
2568, 17, 204, 304, 41, 0, 16.57%, 0, 0, 12, 449.81, 2325553, 149
2573, 17, 220, 304, 41, 0, 16.57%, 0, 0, 12, 448.54, 2327879, 149
2578, 17, 165, 304, 41, 0, 16.57%, 0, 0, 12, 457.19, 2330257, 149
2584, 17, 204, 304, 41, 0, 16.57%, 0, 0, 12, 448.83, 2332496, 149
2589, 17, 204, 304, 41, 0, 16.57%, 0, 0, 12, 450.73, 2334790, 149
2594, 17, 220, 304, 41, 0, 16.57%, 0, 0, 12, 438.62, 2337029, 149
2599, 17, 53, 304, 40, 0, 16.57%, 0, 0, 12, 445.49, 2339298, 149
2604, 17, 212, 304, 40, 0, 16.57%, 0, 0, 12, 458.65, 2341610, 149
2609, 17, 165, 304, 40, 0, 16.57%, 0, 0, 12, 446.73, 2343836, 149
2614, 17, 163, 304, 40, 0, 16.57%, 0, 0, 12, 456.67, 2346192, 149
2619, 18, 27, 304, 40, 0, 16.57%, 0, 0, 12, 455.59, 2348537, 149
2624, 18, 43, 304, 40, 0, 16.57%, 0, 0, 12, 449.66, 2350772, 149
2629, 18, 96, 304, 40, 0, 16.57%, 0, 0, 12, 454.04, 2353050, 149
2634, 18, 212, 304, 40, 0, 16.57%, 0, 0, 12, 449.06, 2355312, 149
2639, 18, 35, 304, 40, 0, 16.57%, 0, 0, 12, 461.66, 2357631, 149
2644, 18, 204, 304, 40, 0, 16.57%, 0, 0, 12, 444.06, 2359824, 149
2649, 18, 212, 304, 40, 0, 16.57%, 0, 0, 12, 448.54, 2362103, 149
2654, 18, 300, 304, 40, 0, 16.57%, 0, 0, 12, 451.20, 2364401, 149
2659, 18, 300, 304, 40, 0, 16.57%, 0, 0, 12, 427.93, 2366500, 149
2664, 18, 300, 306, 42, 0, 16.57%, 0, 0, 13, 427.97, 2368658, 149
2670, 18, 300, 306, 42, 0, 16.57%, 0, 0, 13, 427.94, 2370826, 149
2675, 18, 300, 306, 42, 0, 16.57%, 0, 0, 13, 439.84, 2373042, 149
2680, 18, 300, 306, 42, 0, 16.57%, 0, 0, 13, 436.59, 2375194, 149
2685, 18, 300, 306, 42, 0, 16.57%, 0, 0, 13, 437.09, 2377428, 149
2690, 18, 300, 306, 42, 0, 16.57%, 0, 0, 13, 438.64, 2379675, 149
2695, 18, 221, 306, 41, 0, 16.57%, 0, 0, 13, 435.65, 2381897, 149
2700, 18, 119, 306, 41, 0, 16.57%, 0, 0, 13, 456.47, 2384250, 149
2705, 18, 163, 306, 41, 0, 16.57%, 0, 0, 13, 457.05, 2386538, 149
2710, 18, 43, 306, 41, 0, 16.57%, 0, 0, 13, 446.24, 2388749, 149
2715, 18, 226, 306, 41, 0, 16.57%, 0, 0, 13, 435.66, 2390954, 149
2720, 18, 212, 306, 41, 0, 16.57%, 0, 0, 13, 447.04, 2393258, 149
2725, 18, 221, 306, 41, 0, 16.57%, 0, 0, 13, 438.52, 2395470, 149
2730, 18, 221, 306, 41, 0, 16.57%, 0, 0, 13, 451.83, 2397779, 149
2735, 18, 238, 306, 41, 0, 16.57%, 0, 0, 13, 442.33, 2400001, 149
2740, 18, 51, 306, 41, 0, 16.57%, 0, 0, 13, 441.30, 2402230, 149
2745, 18, 199, 306, 41, 0, 16.57%, 0, 0, 13, 445.85, 2404508, 149
2750, 18, 297, 306, 40, 0, 16.57%, 0, 0, 13, 431.31, 2406660, 149
2755, 18, 297, 306, 40, 0, 16.57%, 0, 0, 13, 446.12, 2408895, 149
2760, 18, 47, 306, 39, 0, 16.57%, 0, 0, 13, 440.19, 2411125, 149
2765, 18, 225, 306, 39, 0, 16.57%, 0, 0, 13, 443.80, 2413392, 149
2770, 18, 66, 306, 39, 0, 16.57%, 0, 0, 13, 437.38, 2415607, 149
2775, 18, 215, 306, 39, 0, 16.57%, 0, 0, 13, 448.84, 2417891, 149
2780, 18, 204, 306, 39, 0, 16.57%, 0, 0, 13, 447.22, 2420145, 149
2786, 18, 147, 306, 39, 0, 16.57%, 0, 0, 13, 444.01, 2422388, 149
2791, 18, 53, 306, 39, 0, 16.57%, 0, 0, 13, 448.34, 2424644, 149
2796, 18, 220, 306, 39, 0, 16.57%, 0, 0, 13, 446.00, 2426898, 149
2801, 18, 220, 306, 39, 0, 16.57%, 0, 0, 13, 456.12, 2429210, 149
2806, 18, 43, 306, 39, 0, 16.57%, 0, 0, 13, 442.86, 2431399, 149
2811, 18, 212, 306, 39, 0, 16.57%, 0, 0, 13, 438.68, 2433603, 149
2816, 18, 43, 306, 39, 0, 16.57%, 0, 0, 13, 451.11, 2435904, 149
2821, 18, 222, 306, 39, 0, 16.57%, 0, 0, 13, 449.11, 2438165, 149
2826, 18, 43, 306, 39, 0, 16.57%, 0, 0, 13, 446.70, 2440369, 149
2831, 18, 124, 306, 39, 0, 16.57%, 0, 0, 13, 428.52, 2442570, 149
2836, 18, 81, 306, 39, 0, 16.57%, 0, 0, 13, 441.40, 2444903, 149
2841, 18, 217, 306, 39, 0, 16.57%, 0, 0, 13, 441.80, 2447135, 149
2846, 18, 28, 306, 39, 0, 16.57%, 0, 0, 13, 434.03, 2449347, 149
2851, 18, 293, 306, 39, 0, 16.57%, 0, 0, 13, 446.07, 2451642, 149
2856, 18, 96, 306, 38, 0, 16.57%, 0, 0, 13, 443.32, 2453843, 149
2861, 18, 216, 306, 38, 0, 16.57%, 0, 0, 13, 443.00, 2456082, 149
2866, 18, 51, 306, 38, 0, 16.57%, 0, 0, 13, 438.74, 2458300, 149
2872, 18, 27, 306, 38, 0, 16.57%, 0, 0, 13, 443.71, 2460623, 149
2877, 18, 147, 306, 38, 0, 16.57%, 0, 0, 13, 452.67, 2462884, 149
2882, 18, 291, 306, 38, 0, 16.57%, 0, 0, 13, 448.45, 2465109, 149
2887, 18, 212, 306, 36, 0, 16.57%, 0, 0, 13, 446.74, 2467374, 149
2892, 18, 226, 306, 36, 0, 16.57%, 0, 0, 13, 448.83, 2469616, 149
2897, 18, 98, 306, 36, 0, 16.57%, 0, 0, 13, 446.76, 2471840, 149
2902, 18, 27, 306, 36, 0, 16.57%, 0, 0, 13, 447.45, 2474076, 149
2907, 18, 85, 306, 36, 0, 16.57%, 0, 0, 13, 443.16, 2476327, 149
2912, 18, 277, 306, 36, 0, 16.57%, 0, 0, 13, 444.81, 2478586, 149
2917, 18, 147, 306, 35, 0, 16.57%, 0, 0, 13, 443.00, 2480820, 149
2922, 18, 213, 306, 35, 0, 16.57%, 0, 0, 13, 450.76, 2483150, 149
2927, 18, 220, 306, 35, 0, 16.57%, 0, 0, 13, 438.13, 2485344, 149
2932, 18, 204, 306, 35, 0, 16.57%, 0, 0, 13, 445.43, 2487603, 149
2938, 18, 28, 306, 35, 0, 16.57%, 0, 0, 13, 448.03, 2489905, 149
2943, 18, 212, 306, 35, 0, 16.57%, 0, 0, 13, 438.27, 2492098, 149
2948, 18, 221, 306, 35, 0, 16.57%, 0, 0, 13, 444.93, 2494372, 149
2953, 18, 28, 306, 35, 0, 16.57%, 0, 0, 13, 454.26, 2496664, 149
2958, 18, 98, 306, 35, 0, 16.57%, 0, 0, 13, 444.21, 2498957, 149
2963, 18, 157, 306, 35, 0, 16.57%, 0, 0, 13, 446.44, 2501170, 149
2968, 18, 53, 306, 35, 0, 16.57%, 0, 0, 13, 440.81, 2503459, 149
2973, 18, 66, 306, 35, 0, 16.57%, 0, 0, 13, 438.28, 2505666, 149
2978, 18, 147, 306, 35, 0, 16.57%, 0, 0, 13, 437.48, 2507891, 149
2983, 18, 199, 306, 35, 0, 16.57%, 0, 0, 13, 441.96, 2510109, 149
2988, 18, 77, 306, 35, 0, 16.57%, 0, 0, 13, 438.96, 2512304, 149
2993, 18, 199, 306, 35, 0, 16.57%, 0, 0, 13, 434.97, 2514524, 149
2998, 18, 28, 306, 35, 0, 16.57%, 0, 0, 13, 465.28, 2516862, 149
3003, 18, 221, 306, 35, 0, 16.57%, 0, 0, 13, 470.03, 2519147, 149
3009, 18, 28, 306, 35, 0, 16.57%, 0, 0, 13, 445.74, 2521422, 149
3014, 18, 199, 306, 35, 0, 16.57%, 0, 0, 13, 448.26, 2523683, 149
3019, 18, 64, 306, 35, 0, 16.57%, 0, 0, 13, 447.32, 2525986, 149
3024, 18, 35, 306, 35, 0, 16.57%, 0, 0, 13, 442.34, 2528211, 149
3029, 18, 147, 306, 35, 0, 16.57%, 0, 0, 13, 432.54, 2530396, 149
3034, 18, 217, 306, 35, 0, 16.57%, 0, 0, 13, 442.99, 2532647, 149
3039, 18, 53, 306, 35, 0, 16.57%, 0, 0, 13, 446.61, 2534929, 149
3044, 18, 221, 306, 35, 0, 16.57%, 0, 0, 13, 457.11, 2537223, 149
3049, 18, 27, 306, 35, 0, 16.57%, 0, 0, 13, 442.45, 2539477, 149
3054, 19, 221, 306, 35, 0, 16.57%, 0, 0, 13, 438.41, 2541674, 149
3059, 19, 35, 306, 35, 0, 16.57%, 0, 0, 13, 442.49, 2543908, 149
3064, 19, 165, 306, 35, 0, 16.57%, 0, 0, 13, 445.90, 2546154, 149
3069, 19, 212, 306, 35, 0, 16.57%, 0, 0, 13, 445.19, 2548373, 149
3075, 19, 221, 306, 35, 0, 16.57%, 0, 0, 13, 443.32, 2550682, 149
3080, 19, 224, 306, 35, 0, 16.57%, 0, 0, 13, 440.82, 2552910, 149
3085, 19, 138, 307, 36, 0, 16.57%, 0, 0, 13, 443.86, 2555125, 149
3090, 19, 212, 307, 36, 0, 16.57%, 0, 0, 13, 450.46, 2557396, 149
3095, 19, 225, 307, 36, 0, 16.57%, 0, 0, 13, 436.20, 2559572, 149
3100, 19, 92, 307, 36, 0, 16.57%, 0, 0, 13, 438.00, 2561810, 149
3105, 19, 222, 307, 36, 0, 16.57%, 0, 0, 13, 442.33, 2564045, 149
3110, 19, 223, 307, 36, 0, 16.57%, 0, 0, 13, 434.04, 2566282, 149
3115, 19, 33, 307, 36, 0, 16.57%, 0, 0, 13, 440.71, 2568520, 149
3120, 19, 221, 307, 36, 0, 16.57%, 0, 0, 13, 445.98, 2570784, 149
3125, 19, 54, 307, 36, 0, 16.57%, 0, 0, 13, 439.92, 2573028, 149
3130, 19, 204, 307, 36, 0, 16.57%, 0, 0, 13, 440.33, 2575255, 149
3135, 19, 43, 307, 36, 0, 16.57%, 0, 0, 13, 443.36, 2577526, 149
3140, 19, 53, 307, 36, 0, 16.57%, 0, 0, 13, 439.75, 2579741, 149
3145, 19, 92, 307, 36, 0, 16.57%, 0, 0, 13, 445.15, 2581983, 149
3150, 19, 119, 307, 36, 0, 16.57%, 0, 0, 13, 439.04, 2584185, 149
3155, 19, 28, 307, 36, 0, 16.57%, 0, 0, 13, 444.14, 2586457, 149
3160, 19, 226, 307, 36, 0, 16.57%, 0, 0, 13, 459.57, 2588777, 149
3165, 19, 190, 307, 36, 0, 16.57%, 0, 0, 13, 438.72, 2590959, 149
3170, 19, 80, 307, 36, 0, 16.57%, 0, 0, 13, 445.63, 2593199, 149
3176, 19, 28, 307, 36, 0, 16.57%, 0, 0, 13, 438.93, 2595434, 149
3181, 19, 220, 307, 36, 0, 16.57%, 0, 0, 13, 448.84, 2597710, 149
3186, 19, 215, 307, 36, 0, 16.57%, 0, 0, 13, 452.57, 2599993, 149
3191, 19, 27, 307, 36, 0, 16.57%, 0, 0, 13, 459.20, 2602318, 149
3196, 19, 51, 307, 36, 0, 16.57%, 0, 0, 13, 444.41, 2604526, 149
3201, 19, 222, 307, 36, 0, 16.57%, 0, 0, 13, 447.50, 2606780, 149
3206, 19, 66, 307, 35, 0, 16.57%, 0, 0, 13, 450.25, 2609045, 149
3211, 19, 212, 307, 35, 0, 16.57%, 0, 0, 13, 444.73, 2611276, 149
3216, 19, 212, 308, 36, 0, 16.57%, 0, 0, 13, 452.57, 2613647, 149
3221, 19, 212, 308, 36, 0, 16.57%, 0, 0, 13, 448.33, 2615877, 149
3226, 19, 223, 308, 36, 0, 16.57%, 0, 0, 13, 440.49, 2618087, 149
3231, 19, 98, 308, 36, 0, 16.57%, 0, 0, 13, 447.78, 2620358, 149
3236, 19, 238, 308, 36, 0, 16.57%, 0, 0, 13, 450.82, 2622625, 149
3241, 19, 53, 308, 36, 0, 16.57%, 0, 0, 13, 457.44, 2624944, 149
3246, 19, 212, 308, 36, 0, 16.57%, 0, 0, 13, 441.05, 2627139, 149
3251, 19, 223, 308, 36, 0, 16.57%, 0, 0, 13, 441.71, 2629370, 149
3256, 19, 66, 308, 36, 0, 16.57%, 0, 0, 13, 447.37, 2631705, 149
3262, 19, 28, 308, 36, 0, 16.57%, 0, 0, 13, 440.04, 2633952, 149
3267, 19, 226, 308, 36, 0, 16.57%, 0, 0, 13, 454.61, 2636285, 149
3272, 19, 212, 308, 36, 0, 16.57%, 0, 0, 13, 448.83, 2638519, 149
3277, 19, 304, 308, 36, 0, 16.57%, 0, 0, 13, 401.41, 2640467, 149
3282, 19, 221, 308, 35, 0, 16.57%, 0, 0, 13, 429.47, 2642690, 149
3287, 19, 190, 308, 35, 0, 16.57%, 0, 0, 13, 434.26, 2644924, 149
3292, 19, 112, 308, 35, 0, 16.57%, 0, 0, 13, 442.77, 2647181, 149
3297, 19, 212, 308, 35, 0, 16.57%, 0, 0, 13, 438.03, 2649399, 149
3302, 19, 199, 308, 35, 0, 16.57%, 0, 0, 13, 462.31, 2651806, 149
3307, 19, 204, 308, 35, 0, 16.57%, 0, 0, 13, 443.45, 2654004, 149
3312, 19, 216, 308, 35, 0, 16.57%, 0, 0, 13, 451.68, 2656356, 149
3317, 19, 53, 308, 35, 0, 16.57%, 0, 0, 13, 452.06, 2658634, 149
3322, 19, 53, 308, 35, 0, 16.57%, 0, 0, 13, 448.51, 2660900, 149
3327, 19, 147, 308, 35, 0, 16.57%, 0, 0, 13, 441.01, 2663114, 149
3333, 19, 28, 308, 35, 0, 16.57%, 0, 0, 13, 446.85, 2665466, 149
3338, 19, 221, 308, 35, 0, 16.57%, 0, 0, 13, 443.54, 2667712, 149
3343, 19, 212, 308, 35, 0, 16.57%, 0, 0, 13, 453.93, 2670015, 149
3348, 19, 43, 308, 35, 0, 16.57%, 0, 0, 13, 444.64, 2672312, 149
3353, 19, 51, 308, 35, 0, 16.57%, 0, 0, 13, 443.19, 2674569, 149
3358, 19, 28, 308, 35, 0, 16.57%, 0, 0, 13, 446.50, 2676909, 149
3363, 19, 223, 308, 35, 0, 16.57%, 0, 0, 13, 447.72, 2679162, 149
3368, 19, 220, 308, 35, 0, 16.57%, 0, 0, 13, 461.21, 2681473, 149
3373, 19, 220, 308, 35, 0, 16.57%, 0, 0, 13, 448.18, 2683667, 149
3378, 19, 222, 308, 35, 0, 16.57%, 0, 0, 13, 432.72, 2685853, 149
3383, 19, 147, 308, 35, 0, 16.57%, 0, 0, 13, 454.96, 2688158, 149
3388, 19, 199, 308, 35, 0, 16.57%, 0, 0, 13, 447.74, 2690373, 149
3393, 19, 226, 308, 35, 0, 16.57%, 0, 0, 13, 449.12, 2692601, 149
3398, 19, 225, 308, 35, 0, 16.57%, 0, 0, 13, 450.18, 2694846, 149
3403, 19, 43, 308, 35, 0, 16.57%, 0, 0, 13, 440.59, 2697067, 149
3408, 19, 28, 308, 35, 0, 16.57%, 0, 0, 13, 439.64, 2699286, 149
3414, 19, 43, 308, 35, 0, 16.57%, 0, 0, 13, 447.14, 2701538, 149
3419, 19, 43, 308, 35, 0, 16.57%, 0, 0, 13, 443.45, 2703758, 149
3424, 19, 221, 308, 35, 0, 16.57%, 0, 0, 13, 441.28, 2705994, 149
3429, 19, 221, 308, 35, 0, 16.57%, 0, 0, 13, 445.27, 2708327, 149
3434, 19, 299, 308, 35, 0, 16.57%, 0, 0, 13, 431.03, 2710511, 149
3439, 19, 299, 311, 38, 0, 16.57%, 0, 0, 13, 423.06, 2712632, 149
3444, 19, 299, 311, 38, 0, 16.57%, 0, 0, 13, 430.16, 2714792, 149
3449, 19, 299, 311, 38, 0, 16.57%, 0, 0, 13, 437.87, 2717004, 149
3454, 19, 66, 311, 37, 0, 16.57%, 0, 0, 13, 440.88, 2719247, 149
3459, 19, 96, 311, 37, 0, 16.57%, 0, 0, 13, 439.00, 2721472, 149
3464, 19, 28, 311, 37, 0, 16.57%, 0, 0, 13, 448.43, 2723761, 149
3469, 19, 204, 311, 37, 0, 16.57%, 0, 0, 13, 447.05, 2726014, 149
3474, 19, 66, 311, 37, 0, 16.57%, 0, 0, 13, 444.16, 2728231, 149
3479, 19, 29, 311, 37, 0, 16.57%, 0, 0, 13, 436.85, 2730522, 149
3484, 19, 199, 311, 37, 0, 16.57%, 0, 0, 13, 450.20, 2732810, 149
3490, 19, 43, 311, 37, 0, 16.57%, 0, 0, 13, 441.88, 2735027, 149
3495, 19, 213, 311, 37, 0, 16.57%, 0, 0, 13, 441.05, 2737327, 149
3500, 20, 222, 311, 36, 0, 16.57%, 0, 0, 13, 441.98, 2739590, 149
3505, 20, 238, 311, 36, 0, 16.57%, 0, 0, 13, 451.63, 2741896, 149
3510, 20, 163, 311, 36, 0, 16.57%, 0, 0, 13, 446.46, 2744206, 149
3515, 20, 215, 311, 36, 0, 16.57%, 0, 0, 13, 446.09, 2746450, 149
3520, 20, 212, 311, 36, 0, 16.57%, 0, 0, 13, 444.40, 2748708, 149
3525, 20, 212, 311, 36, 0, 16.57%, 0, 0, 13, 455.44, 2751032, 149
3530, 20, 204, 311, 36, 0, 16.57%, 0, 0, 13, 449.40, 2753245, 149
3535, 20, 163, 311, 36, 0, 16.57%, 0, 0, 13, 452.07, 2755517, 149
3540, 20, 64, 311, 36, 0, 16.57%, 0, 0, 13, 444.91, 2757742, 149
3545, 20, 204, 311, 36, 0, 16.57%, 0, 0, 13, 461.33, 2760062, 149
3550, 20, 204, 311, 36, 0, 16.57%, 0, 0, 13, 444.33, 2762258, 149
3555, 20, 225, 311, 36, 0, 16.57%, 0, 0, 13, 449.93, 2764538, 149
3560, 20, 212, 311, 36, 0, 16.57%, 0, 0, 13, 450.35, 2766818, 149
3565, 20, 222, 311, 36, 0, 16.57%, 0, 0, 13, 438.21, 2769008, 149
3570, 20, 66, 311, 36, 0, 16.57%, 0, 0, 13, 446.16, 2771278, 149
3576, 20, 147, 311, 36, 0, 16.57%, 0, 0, 13, 436.85, 2773492, 149
3581, 20, 310, 311, 36, 0, 16.57%, 0, 0, 13, 416.16, 2775673, 149
3586, 20, 310, 313, 38, 0, 16.57%, 0, 0, 14, 400.25, 2777638, 149
3591, 20, 310, 313, 38, 0, 16.57%, 0, 0, 14, 403.36, 2779686, 149
3596, 20, 310, 313, 38, 0, 16.57%, 0, 0, 14, 408.79, 2781724, 149
3601, 20, 310, 314, 39, 0, 16.57%, 0, 0, 14, 409.81, 2783773, 149
3606, 20, 310, 314, 39, 0, 16.57%, 0, 0, 14, 402.18, 2785797, 149
3611, 20, 310, 314, 39, 0, 16.57%, 0, 0, 14, 421.09, 2787927, 149
3616, 20, 310, 314, 39, 0, 16.57%, 0, 0, 14, 431.81, 2790133, 149
3621, 20, 98, 314, 38, 0, 16.57%, 0, 0, 14, 439.08, 2792357, 149
3626, 20, 221, 314, 38, 0, 16.57%, 0, 0, 14, 439.57, 2794604, 149
3631, 20, 225, 314, 38, 0, 16.57%, 0, 0, 14, 449.64, 2796997, 149
3636, 20, 43, 314, 38, 0, 16.57%, 0, 0, 14, 459.21, 2799296, 149
3641, 20, 220, 314, 38, 0, 16.57%, 0, 0, 14, 442.21, 2801488, 149
3646, 20, 28, 314, 38, 0, 16.57%, 0, 0, 14, 451.01, 2803804, 149
3651, 20, 119, 314, 38, 0, 16.57%, 0, 0, 14, 451.45, 2806071, 149
3656, 20, 212, 314, 38, 0, 16.57%, 0, 0, 14, 440.33, 2808294, 149
3662, 20, 220, 314, 38, 0, 16.57%, 0, 0, 14, 445.74, 2810566, 149
3667, 20, 212, 314, 38, 0, 16.57%, 0, 0, 14, 446.32, 2812898, 149
3672, 20, 163, 314, 38, 0, 16.57%, 0, 0, 14, 452.66, 2815177, 149
3677, 20, 221, 314, 38, 0, 16.57%, 0, 0, 14, 383.56, 2817184, 149
3682, 20, 226, 314, 38, 0, 16.57%, 0, 0, 14, 475.06, 2819220, 149
3687, 20, 88, 314, 38, 0, 16.57%, 0, 0, 14, 446.73, 2821447, 149
3692, 20, 66, 315, 39, 0, 16.57%, 0, 0, 14, 449.86, 2823732, 149
3697, 20, 223, 315, 39, 0, 16.57%, 0, 0, 14, 451.31, 2826078, 149
3702, 20, 51, 315, 39, 0, 16.57%, 0, 0, 14, 441.42, 2828330, 149
3707, 20, 64, 315, 39, 0, 16.57%, 0, 0, 14, 431.55, 2830505, 149
3712, 20, 66, 315, 39, 0, 16.57%, 0, 0, 14, 443.33, 2832750, 149
3717, 20, 165, 315, 39, 0, 16.57%, 0, 0, 14, 448.52, 2835019, 149
3722, 20, 307, 315, 39, 0, 16.57%, 0, 0, 14, 452.43, 2837288, 149
3728, 20, 108, 315, 38, 0, 16.57%, 0, 0, 14, 450.99, 2839540, 149
3733, 20, 309, 315, 38, 0, 16.57%, 0, 0, 14, 417.82, 2841610, 149
3738, 20, 309, 315, 38, 0, 16.57%, 0, 0, 14, 418.30, 2843673, 149
3743, 20, 124, 315, 37, 0, 16.57%, 0, 0, 14, 438.45, 2845908, 149
3748, 20, 77, 315, 37, 0, 16.57%, 0, 0, 14, 438.38, 2848104, 149
3753, 20, 221, 315, 37, 0, 16.57%, 0, 0, 14, 446.00, 2850358, 149
3758, 20, 43, 315, 37, 0, 16.57%, 0, 0, 14, 453.46, 2852649, 149
3763, 20, 43, 315, 37, 0, 16.57%, 0, 0, 14, 447.56, 2854912, 149
3768, 20, 47, 315, 37, 0, 16.57%, 0, 0, 14, 442.61, 2857129, 149
3773, 20, 178, 315, 37, 0, 16.57%, 0, 0, 14, 452.81, 2859400, 149
3778, 20, 221, 315, 37, 0, 16.57%, 0, 0, 14, 446.04, 2861627, 149
3783, 20, 213, 315, 37, 0, 16.57%, 0, 0, 14, 447.03, 2863954, 149
3788, 20, 238, 315, 37, 0, 16.57%, 0, 0, 14, 455.86, 2866240, 149
3793, 20, 43, 315, 37, 0, 16.57%, 0, 0, 14, 444.15, 2868466, 149
3798, 20, 212, 315, 36, 0, 16.57%, 0, 0, 14, 442.31, 2870719, 149
3803, 20, 212, 315, 36, 0, 16.57%, 0, 0, 14, 446.24, 2872965, 149
3808, 20, 61, 315, 36, 0, 16.57%, 0, 0, 14, 448.88, 2875221, 149
3814, 20, 66, 315, 36, 0, 16.57%, 0, 0, 14, 451.08, 2877481, 149
3819, 20, 28, 315, 36, 0, 16.57%, 0, 0, 14, 459.41, 2879803, 149
3824, 20, 28, 315, 36, 0, 16.57%, 0, 0, 14, 448.69, 2882041, 149
3829, 20, 225, 315, 36, 0, 16.57%, 0, 0, 14, 447.73, 2884304, 149
3834, 20, 56, 315, 36, 0, 16.57%, 0, 0, 14, 453.44, 2886607, 149
3839, 20, 222, 315, 36, 0, 16.57%, 0, 0, 14, 442.17, 2888844, 149
3844, 20, 47, 315, 36, 0, 16.57%, 0, 0, 14, 454.11, 2891173, 149
3849, 20, 56, 315, 36, 0, 16.57%, 0, 0, 14, 450.60, 2893406, 149
3854, 20, 157, 315, 36, 0, 16.57%, 0, 0, 14, 453.64, 2895678, 149
3859, 20, 221, 315, 36, 0, 16.57%, 0, 0, 14, 457.88, 2897968, 149
3864, 20, 28, 315, 36, 0, 16.57%, 0, 0, 14, 447.59, 2900191, 149
3869, 20, 28, 315, 36, 0, 16.57%, 0, 0, 14, 449.78, 2902460, 149
3874, 20, 80, 315, 36, 0, 16.57%, 0, 0, 14, 442.32, 2904708, 149
3879, 20, 225, 315, 36, 0, 16.57%, 0, 0, 14, 451.78, 2907000, 149
3884, 20, 35, 315, 36, 0, 16.57%, 0, 0, 14, 446.79, 2909232, 149
3889, 20, 308, 315, 36, 0, 16.57%, 0, 0, 14, 400.79, 2911173, 149
3894, 20, 308, 315, 36, 0, 16.57%, 0, 0, 14, 438.51, 2913400, 149
3899, 20, 199, 315, 35, 0, 16.57%, 0, 0, 14, 436.93, 2915616, 149
3904, 20, 212, 315, 35, 0, 16.57%, 0, 0, 14, 451.12, 2917904, 149
3909, 20, 138, 315, 35, 0, 16.57%, 0, 0, 14, 453.56, 2920201, 149
3914, 20, 212, 315, 35, 0, 16.57%, 0, 0, 14, 448.53, 2922456, 149
3919, 20, 43, 315, 35, 0, 16.57%, 0, 0, 14, 447.99, 2924687, 149
3924, 20, 28, 315, 35, 0, 16.57%, 0, 0, 14, 448.49, 2926936, 149
3929, 20, 314, 315, 35, 0, 16.57%, 0, 0, 14, 451.42, 2929230, 149
3934, 20, 314, 315, 35, 0, 16.57%, 0, 0, 14, 451.82, 2931499, 149
3940, 20, 222, 315, 34, 0, 16.57%, 0, 0, 14, 446.52, 2933806, 149
3945, 20, 204, 315, 34, 0, 16.57%, 0, 0, 14, 452.51, 2936138, 149
3950, 20, 199, 315, 34, 0, 16.57%, 0, 0, 14, 446.76, 2938376, 149
3955, 20, 227, 315, 34, 0, 16.57%, 0, 0, 14, 443.01, 2940626, 149
3960, 20, 96, 315, 34, 0, 16.57%, 0, 0, 14, 449.99, 2942926, 149
3965, 20, 221, 315, 34, 0, 16.57%, 0, 0, 14, 451.18, 2945190, 149
3970, 21, 190, 315, 34, 0, 16.57%, 0, 0, 14, 449.78, 2947445, 149
3975, 21, 212, 315, 34, 0, 16.57%, 0, 0, 14, 443.40, 2949689, 149
3980, 21, 43, 315, 34, 0, 16.57%, 0, 0, 14, 449.42, 2951992, 149
3985, 21, 224, 315, 34, 0, 16.57%, 0, 0, 14, 453.01, 2954278, 149
3990, 21, 212, 315, 34, 0, 16.57%, 0, 0, 14, 453.36, 2956572, 149
3995, 21, 223, 315, 34, 0, 16.57%, 0, 0, 14, 449.64, 2958897, 149
4000, 21, 50, 315, 34, 0, 16.57%, 0, 0, 14, 446.43, 2961217, 149
4006, 21, 43, 315, 34, 0, 16.57%, 0, 0, 14, 446.70, 2963491, 149
4011, 21, 220, 315, 34, 0, 16.57%, 0, 0, 14, 436.10, 2965737, 149
4016, 21, 147, 315, 34, 0, 16.57%, 0, 0, 14, 433.87, 2967948, 149
4021, 21, 43, 315, 34, 0, 16.57%, 0, 0, 14, 449.97, 2970245, 149
4026, 21, 98, 315, 34, 0, 16.57%, 0, 0, 14, 446.34, 2972481, 149
4031, 21, 98, 315, 34, 0, 16.57%, 0, 0, 14, 438.81, 2974704, 149
4036, 21, 27, 315, 34, 0, 16.57%, 0, 0, 14, 445.56, 2976952, 149
4041, 21, 220, 315, 34, 0, 16.57%, 0, 0, 14, 446.55, 2979225, 149
4046, 21, 204, 315, 34, 0, 16.57%, 0, 0, 14, 455.97, 2981506, 149
4051, 21, 223, 315, 34, 0, 16.57%, 0, 0, 14, 453.51, 2983781, 149
4056, 21, 199, 315, 34, 0, 16.57%, 0, 0, 14, 444.34, 2986012, 149
4061, 21, 175, 315, 34, 0, 16.57%, 0, 0, 14, 442.43, 2988240, 149
4066, 21, 27, 315, 34, 0, 16.57%, 0, 0, 14, 450.50, 2990530, 149
4071, 21, 238, 315, 34, 0, 16.57%, 0, 0, 14, 449.47, 2992785, 149
4076, 21, 215, 315, 34, 0, 16.57%, 0, 0, 14, 443.18, 2995005, 149
4081, 21, 288, 315, 34, 0, 16.57%, 0, 0, 14, 458.03, 2997293, 149
4086, 21, 301, 315, 33, 0, 16.57%, 0, 0, 14, 432.96, 2999441, 149
4091, 21, 98, 315, 32, 0, 16.57%, 0, 0, 14, 437.68, 3001649, 149
4096, 21, 199, 315, 32, 0, 16.57%, 0, 0, 14, 452.01, 3003932, 149
4101, 21, 190, 315, 32, 0, 16.57%, 0, 0, 14, 452.32, 3006214, 149
4106, 21, 217, 315, 32, 0, 16.57%, 0, 0, 14, 438.85, 3008426, 149
4112, 21, 223, 315, 32, 0, 16.57%, 0, 0, 14, 445.81, 3010716, 149
4117, 21, 81, 315, 32, 0, 16.57%, 0, 0, 14, 450.23, 3013008, 149
4122, 21, 213, 315, 32, 0, 16.57%, 0, 0, 14, 445.07, 3015246, 149
4127, 21, 190, 315, 32, 0, 16.57%, 0, 0, 14, 447.25, 3017566, 149
4132, 21, 92, 315, 32, 0, 16.57%, 0, 0, 14, 452.62, 3019895, 149
4137, 21, 204, 315, 32, 0, 16.57%, 0, 0, 14, 447.22, 3022139, 149
4142, 21, 238, 315, 32, 0, 16.57%, 0, 0, 14, 443.13, 3024442, 149
4147, 21, 216, 315, 32, 0, 16.57%, 0, 0, 14, 450.51, 3026748, 149
4152, 21, 220, 315, 32, 0, 16.57%, 0, 0, 14, 439.67, 3028963, 149
4157, 21, 217, 315, 32, 0, 16.57%, 0, 0, 14, 451.74, 3031249, 149
4162, 21, 178, 315, 32, 0, 16.57%, 0, 0, 14, 446.81, 3033475, 149
4168, 21, 223, 315, 32, 0, 16.57%, 0, 0, 14, 450.21, 3035765, 149
4173, 21, 43, 315, 32, 0, 16.57%, 0, 0, 14, 443.92, 3038017, 149
4178, 21, 199, 315, 32, 0, 16.57%, 0, 0, 14, 450.07, 3040303, 149
4183, 21, 221, 315, 32, 0, 16.57%, 0, 0, 14, 464.29, 3042640, 149
4188, 21, 217, 315, 32, 0, 16.57%, 0, 0, 14, 448.25, 3044930, 149
4193, 21, 147, 315, 32, 0, 16.57%, 0, 0, 14, 436.72, 3047138, 149
4198, 21, 199, 315, 32, 0, 16.57%, 0, 0, 14, 443.44, 3049415, 149
4203, 21, 178, 315, 32, 0, 16.57%, 0, 0, 14, 459.46, 3051733, 149
4208, 21, 53, 315, 32, 0, 16.57%, 0, 0, 14, 454.94, 3054015, 149
4213, 21, 112, 315, 32, 0, 16.57%, 0, 0, 14, 442.77, 3056243, 149
4218, 21, 225, 315, 32, 0, 16.57%, 0, 0, 14, 449.71, 3058513, 149
4223, 21, 204, 316, 33, 0, 16.57%, 0, 0, 14, 455.47, 3060872, 149
4229, 21, 221, 316, 33, 0, 16.57%, 0, 0, 14, 444.86, 3063170, 149
4234, 21, 51, 316, 33, 0, 16.57%, 0, 0, 14, 448.59, 3065450, 149
4239, 21, 51, 316, 33, 0, 16.57%, 0, 0, 14, 451.52, 3067781, 149
4244, 21, 220, 316, 33, 0, 16.57%, 0, 0, 14, 460.87, 3070082, 149
4249, 21, 28, 316, 33, 0, 16.57%, 0, 0, 14, 450.15, 3072335, 149
4254, 21, 216, 316, 33, 0, 16.57%, 0, 0, 14, 459.72, 3074648, 149
4259, 21, 27, 316, 33, 0, 16.57%, 0, 0, 14, 463.92, 3076980, 149
4264, 21, 92, 316, 33, 0, 16.57%, 0, 0, 14, 454.97, 3079315, 149
4269, 21, 124, 316, 33, 0, 16.57%, 0, 0, 14, 459.34, 3081631, 149
4274, 21, 138, 316, 33, 0, 16.57%, 0, 0, 14, 438.20, 3083803, 149
4279, 21, 163, 316, 33, 0, 16.57%, 0, 0, 14, 443.53, 3086066, 149
4284, 21, 138, 316, 33, 0, 16.57%, 0, 0, 14, 455.16, 3088451, 149
4290, 21, 226, 316, 33, 0, 16.57%, 0, 0, 14, 457.81, 3090756, 149
4295, 21, 51, 316, 33, 0, 16.57%, 0, 0, 14, 450.22, 3092981, 149
4300, 21, 220, 316, 33, 0, 16.57%, 0, 0, 14, 458.73, 3095281, 149
4305, 21, 212, 316, 33, 0, 16.57%, 0, 0, 14, 457.56, 3097549, 149
4310, 21, 106, 316, 33, 0, 16.57%, 0, 0, 14, 437.49, 3099707, 149
4315, 21, 178, 316, 33, 0, 16.57%, 0, 0, 14, 444.12, 3101958, 149
4320, 21, 25, 316, 33, 0, 16.57%, 0, 0, 14, 451.84, 3104228, 149
4325, 21, 220, 316, 33, 0, 16.57%, 0, 0, 14, 446.05, 3106554, 149
4330, 21, 220, 316, 33, 0, 16.57%, 0, 0, 14, 436.24, 3108776, 149
4335, 21, 54, 316, 33, 0, 16.57%, 0, 0, 14, 438.70, 3111019, 149
4340, 21, 212, 316, 33, 0, 16.57%, 0, 0, 14, 444.74, 3113266, 149
4345, 21, 213, 316, 33, 0, 16.57%, 0, 0, 14, 442.75, 3115511, 149
4350, 21, 43, 316, 33, 0, 16.57%, 0, 0, 14, 457.91, 3117801, 149
4355, 21, 212, 316, 33, 0, 16.57%, 0, 0, 14, 451.01, 3120107, 149
4360, 21, 51, 316, 33, 0, 16.57%, 0, 0, 14, 451.39, 3122363, 149
4365, 21, 56, 316, 33, 0, 16.57%, 0, 0, 14, 443.79, 3124584, 149
4370, 21, 223, 316, 33, 0, 16.57%, 0, 0, 14, 452.50, 3126891, 149
4376, 21, 64, 316, 33, 0, 16.57%, 0, 0, 14, 445.00, 3129132, 149
4381, 21, 204, 316, 33, 0, 16.57%, 0, 0, 14, 452.45, 3131421, 149
4386, 21, 56, 316, 33, 0, 16.57%, 0, 0, 14, 449.64, 3133689, 149
4391, 21, 224, 316, 33, 0, 16.57%, 0, 0, 14, 450.68, 3135974, 149
4396, 21, 204, 316, 33, 0, 16.57%, 0, 0, 14, 459.50, 3138312, 149
4401, 21, 220, 316, 33, 0, 16.57%, 0, 0, 14, 455.32, 3140661, 149
4406, 21, 311, 316, 33, 0, 16.57%, 0, 0, 14, 410.37, 3142638, 149
4411, 21, 311, 316, 33, 0, 16.57%, 0, 0, 14, 431.52, 3144770, 149
4416, 22, 163, 316, 32, 0, 16.57%, 0, 0, 14, 442.62, 3147009, 149
4421, 22, 216, 316, 32, 0, 16.57%, 0, 0, 14, 439.69, 3149264, 149
4426, 22, 53, 316, 32, 0, 16.57%, 0, 0, 14, 444.56, 3151538, 149
4431, 22, 178, 316, 32, 0, 16.57%, 0, 0, 14, 456.97, 3153827, 149
4436, 22, 225, 316, 32, 0, 16.57%, 0, 0, 14, 448.19, 3156037, 149
4441, 22, 147, 316, 32, 0, 16.57%, 0, 0, 14, 439.69, 3158316, 149
4446, 22, 92, 316, 32, 0, 16.57%, 0, 0, 14, 451.87, 3160620, 149
4451, 22, 220, 316, 32, 0, 16.57%, 0, 0, 14, 451.84, 3162873, 149
4456, 22, 66, 316, 32, 0, 16.57%, 0, 0, 14, 446.15, 3165089, 149
4462, 22, 80, 316, 32, 0, 16.57%, 0, 0, 14, 451.86, 3167352, 149
4467, 22, 204, 316, 32, 0, 16.57%, 0, 0, 14, 452.99, 3169647, 149
4472, 22, 222, 316, 32, 0, 16.57%, 0, 0, 14, 450.68, 3171948, 149
4477, 22, 215, 316, 32, 0, 16.57%, 0, 0, 14, 452.02, 3174266, 149
4482, 22, 221, 316, 32, 0, 16.57%, 0, 0, 14, 454.30, 3176556, 149
4487, 22, 29, 316, 32, 0, 16.57%, 0, 0, 14, 452.81, 3178812, 149
4492, 22, 212, 316, 32, 0, 16.57%, 0, 0, 14, 451.71, 3181080, 149
4497, 22, 212, 316, 32, 0, 16.57%, 0, 0, 14, 444.11, 3183322, 149
4502, 22, 305, 316, 32, 0, 16.57%, 0, 0, 14, 438.82, 3185551, 149
4507, 22, 305, 317, 33, 0, 16.57%, 0, 0, 14, 398.67, 3187462, 149
4512, 22, 224, 317, 32, 0, 16.57%, 0, 0, 14, 424.82, 3189606, 149
4517, 22, 124, 317, 32, 0, 16.57%, 0, 0, 14, 433.19, 3191818, 149
4522, 22, 204, 317, 32, 0, 16.57%, 0, 0, 14, 443.33, 3194068, 149
4527, 22, 213, 317, 32, 0, 16.57%, 0, 0, 14, 439.86, 3196276, 149
4532, 22, 225, 317, 32, 0, 16.57%, 0, 0, 14, 444.71, 3198542, 149
4537, 22, 43, 317, 32, 0, 16.57%, 0, 0, 14, 441.66, 3200788, 149
4542, 22, 29, 317, 32, 0, 16.57%, 0, 0, 14, 450.93, 3203098, 149
4548, 22, 190, 317, 32, 0, 16.57%, 0, 0, 14, 454.39, 3205344, 149
4553, 22, 43, 317, 32, 0, 16.57%, 0, 0, 14, 439.34, 3207518, 149
4558, 22, 212, 317, 32, 0, 16.57%, 0, 0, 14, 448.88, 3209828, 149
4563, 22, 222, 317, 32, 0, 16.57%, 0, 0, 14, 450.60, 3212167, 149
4568, 22, 66, 317, 32, 0, 16.57%, 0, 0, 14, 455.56, 3214440, 149
4573, 22, 53, 317, 32, 0, 16.57%, 0, 0, 14, 442.26, 3216655, 149
4578, 22, 43, 317, 32, 0, 16.57%, 0, 0, 14, 443.08, 3218979, 149
4583, 22, 199, 317, 32, 0, 16.57%, 0, 0, 14, 449.54, 3221264, 149
4588, 22, 165, 317, 32, 0, 16.57%, 0, 0, 14, 444.70, 3223509, 149
4593, 22, 126, 317, 32, 0, 16.57%, 0, 0, 14, 450.44, 3225872, 149
4598, 22, 215, 317, 32, 0, 16.57%, 0, 0, 14, 440.49, 3228096, 149
4603, 22, 227, 317, 32, 0, 16.57%, 0, 0, 14, 452.45, 3230384, 149
4608, 22, 43, 317, 32, 0, 16.57%, 0, 0, 14, 450.83, 3232638, 149
4614, 22, 112, 317, 32, 0, 16.57%, 0, 0, 14, 447.68, 3234875, 149
4619, 22, 43, 317, 32, 0, 16.57%, 0, 0, 14, 451.03, 3237157, 149
4624, 22, 212, 317, 32, 0, 16.57%, 0, 0, 14, 432.62, 3239340, 149
4629, 22, 154, 317, 32, 0, 16.57%, 0, 0, 14, 431.42, 3241531, 149
4634, 22, 226, 317, 32, 0, 16.57%, 0, 0, 14, 444.86, 3243788, 149
4639, 22, 201, 318, 33, 0, 16.57%, 0, 0, 14, 439.03, 3246012, 149
4644, 22, 53, 318, 33, 0, 16.57%, 0, 0, 14, 442.72, 3248246, 149
4649, 22, 43, 318, 33, 0, 16.57%, 0, 0, 14, 441.01, 3250486, 149
4654, 22, 212, 318, 33, 0, 16.57%, 0, 0, 14, 448.05, 3252733, 149
4659, 22, 217, 318, 33, 0, 16.57%, 0, 0, 14, 441.94, 3254952, 149
4664, 22, 43, 318, 33, 0, 16.57%, 0, 0, 14, 438.47, 3257192, 149
4669, 22, 220, 318, 33, 0, 16.57%, 0, 0, 14, 436.90, 3259470, 149
4674, 22, 127, 318, 33, 0, 16.57%, 0, 0, 14, 431.22, 3261660, 149
4679, 22, 221, 318, 33, 0, 16.57%, 0, 0, 14, 443.05, 3263920, 149
4684, 22, 28, 318, 33, 0, 16.57%, 0, 0, 14, 446.41, 3266194, 149
4689, 22, 223, 318, 33, 0, 16.57%, 0, 0, 14, 437.76, 3268389, 149
4694, 22, 157, 318, 33, 0, 16.57%, 0, 0, 14, 443.61, 3270647, 149
4699, 22, 28, 318, 33, 0, 16.57%, 0, 0, 14, 451.18, 3272918, 149
4704, 22, 157, 318, 33, 0, 16.57%, 0, 0, 14, 442.71, 3275144, 149
4709, 22, 165, 318, 33, 0, 16.57%, 0, 0, 14, 449.57, 3277416, 149
4714, 22, 66, 318, 33, 0, 16.57%, 0, 0, 14, 441.03, 3279637, 149
4720, 22, 215, 318, 33, 0, 16.57%, 0, 0, 14, 458.38, 3281947, 149
4725, 22, 238, 318, 33, 0, 16.57%, 0, 0, 14, 450.38, 3284198, 149
4730, 22, 204, 319, 34, 0, 16.57%, 0, 0, 14, 453.05, 3286487, 149
4735, 22, 35, 319, 34, 0, 16.57%, 0, 0, 14, 444.88, 3288733, 149
4740, 22, 46, 319, 33, 0, 16.57%, 0, 0, 14, 441.13, 3290967, 149
4745, 22, 43, 319, 33, 0, 16.57%, 0, 0, 14, 440.94, 3293218, 149
4750, 22, 28, 319, 33, 0, 16.57%, 0, 0, 14, 440.95, 3295435, 149
4755, 22, 225, 319, 33, 0, 16.57%, 0, 0, 14, 439.17, 3297644, 149
