# unix_time, cycles_done, cur_path, paths_total, pending_total, pending_favs, map_size, unique_crashes, unique_hangs, max_depth, execs_per_sec
1745351799, 18446744073709551615, 0, 14, 14, 1, 0.00%, 0, 0, 1, 0.00
1745351803, 0, 0, 14, 14, 1, 0.02%, 0, 0, 1, inf
1745351808, 0, 13, 14, 14, 1, 0.02%, 0, 0, 1, 6.79
1745351860, 0, 13, 16, 16, 1, 0.03%, 0, 0, 2, 45.74
1745351922, 0, 14, 16, 15, 2, 0.03%, 0, 0, 2, 83.33
1745351970, 0, 15, 16, 14, 1, 0.03%, 0, 0, 2, 11.93
1745352045, 1, 12, 16, 13, 0, 0.03%, 0, 0, 2, 9.59
1745352158, 1, 13, 16, 12, 0, 0.03%, 0, 0, 2, 10.52
1745352163, 1, 14, 16, 12, 0, 0.03%, 0, 0, 2, 11.22
1745352168, 1, 15, 16, 12, 0, 0.03%, 0, 0, 2, 13.64
1745352173, 2, 13, 16, 12, 0, 0.03%, 0, 0, 2, 10.92
1745352184, 2, 14, 16, 12, 0, 0.03%, 0, 0, 2, 9.69
1745352194, 2, 15, 16, 12, 0, 0.03%, 0, 0, 2, 16.52
1745352219, 3, 4, 16, 12, 0, 0.03%, 0, 0, 2, 6.80
1745352343, 3, 6, 16, 11, 0, 0.03%, 0, 0, 2, 7.26
1745352471, 3, 12, 16, 10, 0, 0.03%, 0, 0, 2, 8.83
1745352481, 3, 13, 16, 10, 0, 0.03%, 0, 0, 2, 8.23
1745352502, 3, 14, 16, 10, 0, 0.03%, 0, 0, 2, 8.99
1745352518, 3, 15, 16, 10, 0, 0.03%, 0, 0, 2, 60.40
1745352543, 4, 0, 16, 10, 0, 0.03%, 0, 0, 2, 7.30
1745352682, 4, 1, 16, 9, 0, 0.03%, 0, 0, 2, 7.16
1745352806, 4, 10, 16, 8, 0, 0.03%, 0, 0, 2, 7.84
1745352946, 4, 11, 16, 7, 0, 0.03%, 0, 0, 2, 7.65
1745353079, 4, 13, 16, 6, 0, 0.03%, 0, 0, 2, 8.44
1745353094, 4, 14, 16, 6, 0, 0.03%, 0, 0, 2, 9.68
1745353110, 4, 15, 16, 6, 0, 0.03%, 0, 0, 2, 15.94
1745353141, 5, 4, 16, 6, 0, 0.03%, 0, 0, 2, 9.46
1745353157, 5, 11, 16, 6, 0, 0.03%, 0, 0, 2, 9.11
1745353177, 5, 12, 16, 6, 0, 0.03%, 0, 0, 2, 10.96
1745353187, 5, 13, 16, 6, 0, 0.03%, 0, 0, 2, 11.05
1745353208, 5, 14, 16, 6, 0, 0.03%, 0, 0, 2, 8.88
1745353228, 5, 15, 16, 6, 0, 0.03%, 0, 0, 2, 10.69
1745353248, 6, 0, 16, 6, 0, 0.03%, 0, 0, 2, 7.99
1745353258, 6, 12, 16, 6, 0, 0.03%, 0, 0, 2, 10.17
1745353274, 6, 13, 16, 6, 0, 0.03%, 0, 0, 2, 9.02
1745353300, 6, 14, 16, 6, 0, 0.03%, 0, 0, 2, 12.54
1745353320, 6, 15, 16, 6, 0, 0.03%, 0, 0, 2, 11.03
1745353345, 7, 2, 16, 6, 0, 0.03%, 0, 0, 2, 9.12
1745353474, 7, 3, 16, 5, 0, 0.03%, 0, 0, 2, 7.85
1745353591, 7, 5, 16, 4, 0, 0.03%, 0, 0, 2, 8.91
1745353719, 7, 6, 16, 3, 0, 0.03%, 0, 0, 2, 10.34
1745353740, 7, 9, 16, 3, 0, 0.03%, 0, 0, 2, 8.08
1745353863, 7, 11, 16, 2, 0, 0.03%, 0, 0, 2, 8.59
1745353874, 7, 14, 16, 2, 0, 0.03%, 0, 0, 2, 10.15
1745353894, 7, 15, 16, 2, 0, 0.03%, 0, 0, 2, 10.97
1745353915, 8, 0, 16, 2, 0, 0.03%, 0, 0, 2, 9.30
1745353930, 8, 3, 16, 2, 0, 0.03%, 0, 0, 2, 10.55
1745353946, 8, 7, 16, 2, 0, 0.03%, 0, 0, 2, 7.92
1745354081, 8, 10, 16, 1, 0, 0.03%, 0, 0, 2, 9.54
1745354106, 8, 11, 16, 1, 0, 0.03%, 0, 0, 2, 9.95
1745354122, 8, 14, 16, 1, 0, 0.03%, 0, 0, 2, 9.73
1745354147, 8, 15, 16, 1, 0, 0.03%, 0, 0, 2, 10.55
1745354167, 9, 2, 16, 1, 0, 0.03%, 0, 0, 2, 10.37
1745354178, 9, 3, 16, 1, 0, 0.03%, 0, 0, 2, 9.75
1745354188, 9, 14, 16, 1, 0, 0.03%, 0, 0, 2, 9.20
1745354208, 9, 15, 16, 1, 0, 0.03%, 0, 0, 2, 10.94
1745354233, 10, 2, 16, 1, 0, 0.03%, 0, 0, 2, 9.03
1745354253, 10, 3, 16, 1, 0, 0.03%, 0, 0, 2, 10.28
1745354264, 10, 4, 16, 1, 0, 0.03%, 0, 0, 2, 8.72
1745354279, 10, 6, 16, 1, 0, 0.03%, 0, 0, 2, 8.86
1745354294, 10, 7, 16, 1, 0, 0.03%, 0, 0, 2, 10.47
1745354310, 10, 9, 16, 1, 0, 0.03%, 0, 0, 2, 10.04
1745354320, 10, 10, 16, 1, 0, 0.03%, 0, 0, 2, 11.69
1745354350, 10, 13, 16, 1, 0, 0.03%, 0, 0, 2, 9.25
1745354366, 10, 14, 16, 1, 0, 0.03%, 0, 0, 2, 10.43
1745354386, 10, 15, 16, 1, 0, 0.03%, 0, 0, 2, 11.58
1745354406, 11, 3, 16, 1, 0, 0.03%, 0, 0, 2, 9.46
1745354416, 11, 14, 16, 1, 0, 0.03%, 0, 0, 2, 9.73
1745354442, 11, 15, 16, 1, 0, 0.03%, 0, 0, 2, 11.61
1745354467, 12, 0, 16, 1, 0, 0.03%, 0, 0, 2, 9.87
1745354482, 12, 1, 16, 1, 0, 0.03%, 0, 0, 2, 9.96
1745354497, 12, 3, 16, 1, 0, 0.03%, 0, 0, 2, 9.32
1745354513, 12, 9, 16, 1, 0, 0.03%, 0, 0, 2, 9.72
1745354524, 12, 10, 16, 1, 0, 0.03%, 0, 0, 2, 9.87
1745354550, 12, 12, 16, 1, 0, 0.03%, 0, 0, 2, 9.81
1745354560, 12, 14, 16, 1, 0, 0.03%, 0, 0, 2, 9.76
1745354580, 12, 15, 16, 1, 0, 0.03%, 0, 0, 2, 11.46
1745354606, 13, 3, 16, 1, 0, 0.03%, 0, 0, 2, 10.87
1745354622, 13, 6, 16, 1, 0, 0.03%, 0, 0, 2, 9.52
1745354632, 13, 7, 16, 1, 0, 0.03%, 0, 0, 2, 10.37
1745354652, 13, 8, 16, 1, 0, 0.03%, 0, 0, 2, 7.61
1745354777, 13, 11, 16, 0, 0, 0.03%, 0, 0, 2, 11.23
1745354792, 13, 14, 16, 0, 0, 0.03%, 0, 0, 2, 10.29
1745354812, 13, 15, 16, 0, 0, 0.03%, 0, 0, 2, 11.15
1745354842, 14, 3, 16, 0, 0, 0.03%, 0, 0, 2, 9.92
1745354853, 14, 11, 16, 0, 0, 0.03%, 0, 0, 2, 9.83
1745354868, 14, 13, 16, 0, 0, 0.03%, 0, 0, 2, 10.15
1745354883, 14, 14, 16, 0, 0, 0.03%, 0, 0, 2, 10.40
1745354904, 14, 15, 16, 0, 0, 0.03%, 0, 0, 2, 11.26
1745354930, 15, 1, 16, 0, 0, 0.03%, 0, 0, 2, 9.07
1745354950, 15, 3, 16, 0, 0, 0.03%, 0, 0, 2, 9.45
1745354960, 15, 9, 16, 0, 0, 0.03%, 0, 0, 2, 9.97
1745354971, 15, 10, 16, 0, 0, 0.03%, 0, 0, 2, 9.89
1745354996, 15, 14, 16, 0, 0, 0.03%, 0, 0, 2, 10.36
1745355017, 15, 15, 16, 0, 0, 0.03%, 0, 0, 2, 11.06
1745355048, 16, 1, 16, 0, 0, 0.03%, 0, 0, 2, 10.63
1745355063, 16, 2, 16, 0, 0, 0.03%, 0, 0, 2, 9.70
1745355074, 16, 3, 16, 0, 0, 0.03%, 0, 0, 2, 9.24
1745355084, 16, 4, 16, 0, 0, 0.03%, 0, 0, 2, 9.80
1745355099, 16, 9, 16, 0, 0, 0.03%, 0, 0, 2, 10.60
1745355120, 16, 10, 16, 0, 0, 0.03%, 0, 0, 2, 9.60
1745355146, 16, 12, 16, 0, 0, 0.03%, 0, 0, 2, 9.55
1745355157, 16, 14, 16, 0, 0, 0.03%, 0, 0, 2, 10.02
1745355178, 16, 15, 16, 0, 0, 0.03%, 0, 0, 2, 10.19
1745355203, 17, 3, 16, 0, 0, 0.03%, 0, 0, 2, 9.08
1745355214, 17, 8, 16, 0, 0, 0.03%, 0, 0, 2, 9.39
1745355224, 17, 11, 16, 0, 0, 0.03%, 0, 0, 2, 9.08
1745355234, 17, 12, 16, 0, 0, 0.03%, 0, 0, 2, 10.87
1745355250, 17, 14, 16, 0, 0, 0.03%, 0, 0, 2, 11.39
1745355270, 17, 15, 16, 0, 0, 0.03%, 0, 0, 2, 11.52
1745355295, 18, 3, 16, 0, 0, 0.03%, 0, 0, 2, 9.34
1745355306, 18, 4, 16, 0, 0, 0.03%, 0, 0, 2, 9.29
1745355316, 18, 6, 16, 0, 0, 0.03%, 0, 0, 2, 10.11
1745355337, 18, 8, 16, 0, 0, 0.03%, 0, 0, 2, 9.49
1745355342, 18, 11, 16, 0, 0, 0.03%, 0, 0, 2, 9.68
1745355357, 18, 14, 16, 0, 0, 0.03%, 0, 0, 2, 9.35
1745355383, 18, 15, 16, 0, 0, 0.03%, 0, 0, 2, 10.50
