# relative_time, cycles_done, cur_item, corpus_count, pending_total, pending_favs, map_size, saved_crashes, saved_hangs, max_depth, execs_per_sec, total_execs, edges_found
61, 0, 139, 191, 164, 19, 14.43%, 0, 0, 5, 560.80, 58217, 131
66, 0, 139, 194, 167, 19, 14.43%, 0, 0, 5, 706.84, 61511, 131
71, 0, 139, 194, 167, 19, 14.43%, 0, 0, 5, 105.21, 63264, 131
76, 0, 139, 194, 167, 19, 14.43%, 0, 0, 5, 13.42, 63588, 131
81, 0, 179, 196, 166, 19, 14.43%, 0, 0, 6, 1423.19, 69184, 131
86, 0, 132, 200, 165, 14, 14.43%, 0, 0, 6, 1992.99, 76413, 131
91, 0, 137, 202, 163, 10, 14.43%, 0, 0, 6, 3927.68, 84621, 131
97, 0, 144, 207, 165, 7, 14.43%, 0, 0, 6, 2360.99, 94562, 131
102, 0, 148, 212, 168, 5, 14.65%, 0, 0, 6, 1748.97, 101104, 133
108, 0, 148, 215, 171, 5, 15.42%, 0, 0, 6, 89.67, 107639, 140
113, 0, 148, 215, 171, 5, 15.42%, 0, 0, 6, 48.60, 108095, 140
119, 0, 214, 226, 179, 5, 16.52%, 0, 0, 6, 1570.01, 113528, 150
124, 0, 214, 230, 183, 5, 16.74%, 0, 0, 6, 1688.66, 122297, 152
129, 0, 185, 235, 186, 13, 16.85%, 0, 0, 6, 674.15, 129439, 153
134, 0, 185, 236, 187, 13, 16.85%, 0, 0, 6, 19.27, 133070, 153
139, 0, 224, 236, 185, 13, 16.85%, 0, 0, 6, 104.05, 135366, 153
144, 0, 210, 236, 184, 12, 16.85%, 0, 0, 6, 16.81, 136838, 153
149, 0, 212, 236, 183, 11, 16.85%, 0, 0, 6, 17.33, 138058, 153
154, 0, 225, 237, 182, 9, 16.96%, 0, 0, 7, 1775.40, 142974, 154
160, 0, 226, 238, 179, 3, 16.96%, 0, 0, 7, 2101.28, 147033, 154
165, 0, 232, 239, 177, 0, 16.96%, 0, 0, 7, 2094.41, 156628, 154
170, 0, 160, 240, 178, 0, 16.96%, 0, 0, 7, 1723.90, 163675, 154
175, 0, 144, 244, 182, 0, 16.96%, 0, 0, 7, 1865.28, 173644, 154
180, 0, 144, 244, 182, 0, 16.96%, 0, 0, 7, 20.59, 175367, 154
185, 0, 144, 244, 182, 0, 16.96%, 0, 0, 7, 1482.76, 183200, 154
191, 0, 155, 244, 182, 0, 16.96%, 0, 0, 7, 17.66, 192031, 154
197, 0, 149, 244, 182, 0, 16.96%, 0, 0, 7, 3563.44, 195958, 154
202, 0, 149, 244, 182, 0, 16.96%, 0, 0, 7, 2622.88, 205047, 154
207, 0, 208, 244, 182, 0, 16.96%, 0, 0, 7, 2339.56, 215866, 154
213, 0, 13, 247, 185, 0, 16.96%, 0, 0, 7, 88.12, 224923, 154
218, 0, 13, 248, 186, 0, 16.96%, 0, 0, 7, 656.16, 227959, 154
223, 0, 13, 248, 186, 0, 16.96%, 0, 0, 7, 337.45, 230453, 154
229, 0, 13, 250, 188, 0, 16.96%, 0, 0, 7, 524.22, 232792, 154
234, 0, 13, 251, 189, 0, 16.96%, 0, 0, 7, 553.93, 234984, 154
239, 0, 13, 251, 189, 0, 16.96%, 0, 0, 7, 94.71, 237284, 154
244, 0, 223, 252, 190, 0, 16.96%, 0, 0, 7, 1528.43, 242618, 154
249, 0, 144, 252, 190, 0, 16.96%, 0, 0, 7, 17.24, 247185, 154
255, 0, 60, 252, 190, 0, 16.96%, 0, 0, 7, 20.58, 249170, 154
260, 0, 222, 253, 191, 0, 16.96%, 0, 0, 7, 229.70, 257333, 154
266, 0, 13, 253, 190, 0, 16.96%, 0, 0, 7, 619.91, 260284, 154
271, 0, 46, 254, 191, 0, 16.96%, 0, 0, 7, 22.56, 264905, 154
276, 0, 13, 254, 191, 0, 16.96%, 0, 0, 7, 1570.00, 270762, 154
282, 0, 225, 254, 191, 0, 16.96%, 0, 0, 7, 37.40, 274002, 154
287, 0, 229, 257, 194, 0, 16.96%, 0, 0, 7, 1490.25, 281747, 154
293, 0, 46, 258, 195, 0, 16.96%, 0, 0, 7, 196.92, 292777, 154
298, 0, 13, 258, 195, 0, 16.96%, 0, 0, 7, 17.64, 294547, 154
303, 0, 13, 258, 195, 0, 16.96%, 0, 0, 7, 19.19, 294648, 154
308, 0, 13, 258, 195, 0, 16.96%, 0, 0, 7, 17.22, 295399, 154
313, 0, 13, 258, 195, 0, 16.96%, 0, 0, 7, 13.88, 295459, 154
318, 0, 13, 258, 195, 0, 16.96%, 0, 0, 7, 11.77, 295511, 154
324, 0, 60, 258, 194, 0, 16.96%, 0, 0, 7, 19.88, 298311, 154
329, 0, 72, 258, 194, 0, 16.96%, 0, 0, 7, 24.57, 302531, 154
334, 0, 72, 258, 194, 0, 16.96%, 0, 0, 7, 24.15, 302935, 154
339, 0, 72, 258, 194, 0, 16.96%, 0, 0, 7, 24.34, 303478, 154
344, 0, 134, 258, 194, 0, 16.96%, 0, 0, 7, 62.26, 304582, 154
349, 0, 13, 259, 195, 0, 16.96%, 0, 0, 7, 285.34, 307808, 154
354, 0, 57, 259, 194, 3, 16.96%, 0, 0, 7, 1070.67, 311294, 154
360, 0, 62, 259, 191, 0, 16.96%, 0, 0, 7, 2875.46, 317061, 154
365, 0, 13, 259, 191, 0, 16.96%, 0, 0, 7, 279.03, 320592, 154
370, 0, 46, 259, 191, 0, 16.96%, 0, 0, 7, 910.83, 325156, 154
375, 0, 13, 259, 191, 0, 16.96%, 0, 0, 7, 1289.82, 329013, 154
380, 0, 13, 260, 192, 0, 16.96%, 0, 0, 7, 339.88, 333907, 154
385, 0, 13, 261, 193, 0, 16.96%, 0, 0, 7, 453.56, 334583, 154
391, 0, 13, 261, 193, 0, 16.96%, 0, 0, 7, 729.02, 338084, 154
396, 0, 154, 262, 194, 0, 16.96%, 0, 0, 7, 1261.31, 342023, 154
401, 0, 212, 262, 194, 0, 16.96%, 0, 0, 7, 552.73, 347606, 154
406, 0, 225, 262, 194, 0, 16.96%, 0, 0, 7, 1421.07, 352648, 154
411, 0, 13, 262, 194, 0, 16.96%, 0, 0, 7, 330.70, 358598, 154
416, 0, 13, 262, 194, 0, 16.96%, 0, 0, 7, 15.80, 359451, 154
421, 0, 13, 262, 194, 0, 16.96%, 0, 0, 7, 9.83, 359486, 154
426, 0, 13, 262, 194, 0, 16.96%, 0, 0, 7, 8.95, 359528, 154
431, 0, 13, 262, 194, 0, 16.96%, 0, 0, 7, 7.95, 359566, 154
436, 0, 13, 262, 194, 0, 16.96%, 0, 0, 7, 833.21, 361650, 154
442, 0, 146, 262, 194, 0, 16.96%, 0, 0, 7, 685.40, 363130, 154
447, 0, 181, 262, 194, 0, 16.96%, 0, 0, 7, 1509.25, 366702, 154
452, 0, 126, 263, 195, 0, 16.96%, 0, 0, 7, 2535.88, 373582, 154
457, 0, 160, 263, 195, 0, 16.96%, 0, 0, 7, 2896.04, 380684, 154
462, 0, 226, 263, 195, 0, 16.96%, 0, 0, 7, 16.60, 384312, 154
467, 0, 13, 263, 195, 0, 16.96%, 0, 0, 7, 416.49, 386734, 154
472, 0, 13, 263, 195, 0, 16.96%, 0, 0, 7, 9.07, 387306, 154
477, 0, 13, 263, 195, 0, 16.96%, 0, 0, 7, 9.20, 387353, 154
482, 0, 13, 263, 195, 0, 16.96%, 0, 0, 7, 9.52, 387404, 154
487, 0, 146, 263, 195, 0, 16.96%, 0, 0, 7, 1621.50, 390337, 154
492, 0, 13, 263, 195, 0, 16.96%, 0, 0, 7, 254.70, 395402, 154
498, 0, 13, 263, 195, 0, 16.96%, 0, 0, 7, 553.75, 395735, 154
504, 0, 212, 263, 195, 0, 16.96%, 0, 0, 7, 178.33, 402033, 154
509, 0, 151, 263, 195, 0, 16.96%, 0, 0, 7, 1558.58, 409332, 154
514, 0, 226, 263, 195, 0, 16.96%, 0, 0, 7, 1435.91, 415476, 154
519, 0, 149, 264, 196, 0, 16.96%, 0, 0, 7, 666.42, 420452, 154
524, 0, 13, 264, 196, 0, 16.96%, 0, 0, 7, 1200.12, 428468, 154
529, 0, 230, 264, 196, 0, 16.96%, 0, 0, 7, 1207.70, 433828, 154
535, 0, 13, 264, 196, 0, 16.96%, 0, 0, 7, 792.31, 437156, 154
540, 0, 232, 264, 196, 0, 16.96%, 0, 0, 7, 30.40, 441561, 154
545, 0, 13, 264, 196, 0, 16.96%, 0, 0, 7, 1261.15, 444261, 154
550, 0, 13, 264, 196, 0, 16.96%, 0, 0, 7, 7.60, 445079, 154
555, 0, 13, 264, 196, 0, 16.96%, 0, 0, 7, 7.21, 445115, 154
560, 0, 13, 264, 196, 0, 16.96%, 0, 0, 7, 7.37, 445152, 154
565, 0, 13, 264, 196, 0, 16.96%, 0, 0, 7, 7.13, 445188, 154
570, 0, 13, 265, 197, 0, 16.96%, 0, 0, 7, 1108.02, 446623, 154
575, 0, 13, 265, 197, 0, 16.96%, 0, 0, 7, 221.83, 451651, 154
580, 0, 13, 265, 197, 0, 16.96%, 0, 0, 7, 641.48, 455207, 154
586, 0, 154, 265, 196, 0, 16.96%, 0, 0, 7, 266.67, 460440, 154
591, 0, 236, 267, 198, 0, 16.96%, 0, 0, 8, 2735.41, 470685, 154
596, 0, 266, 270, 200, 0, 16.96%, 0, 0, 9, 3481.15, 483783, 154
601, 0, 266, 271, 201, 0, 16.96%, 0, 0, 9, 1635.05, 491204, 154
606, 0, 13, 271, 201, 0, 16.96%, 0, 0, 9, 231.01, 497048, 154
611, 0, 151, 272, 202, 0, 16.96%, 0, 0, 9, 29.17, 502310, 154
617, 0, 218, 272, 202, 0, 16.96%, 0, 0, 9, 24.51, 507634, 154
622, 0, 218, 272, 202, 0, 16.96%, 0, 0, 9, 20.87, 508091, 154
627, 0, 226, 272, 202, 0, 16.96%, 0, 0, 9, 3610.00, 510855, 154
632, 0, 226, 272, 202, 0, 16.96%, 0, 0, 9, 15.50, 511981, 154
637, 0, 13, 272, 202, 0, 16.96%, 0, 0, 9, 24.51, 513467, 154
642, 0, 13, 272, 202, 0, 16.96%, 0, 0, 9, 14.76, 515129, 154
648, 0, 13, 272, 202, 0, 16.96%, 0, 0, 9, 14.68, 515204, 154
653, 0, 179, 272, 201, 0, 16.96%, 0, 0, 9, 1274.61, 517873, 154
658, 0, 226, 272, 201, 0, 16.96%, 0, 0, 9, 4190.00, 522641, 154
663, 0, 13, 272, 201, 0, 16.96%, 0, 0, 9, 1550.65, 524093, 154
668, 0, 13, 272, 201, 0, 16.96%, 0, 0, 9, 93.24, 526748, 154
673, 0, 154, 272, 201, 0, 16.96%, 0, 0, 9, 1194.93, 529017, 154
678, 0, 13, 272, 201, 0, 16.96%, 0, 0, 9, 282.77, 533726, 154
686, 0, 144, 272, 201, 0, 16.96%, 0, 0, 9, 24.80, 540395, 154
692, 0, 224, 272, 201, 0, 16.96%, 0, 0, 9, 54.91, 543453, 154
697, 0, 149, 272, 201, 0, 16.96%, 0, 0, 9, 2746.40, 545395, 154
702, 0, 94, 272, 201, 0, 16.96%, 0, 0, 9, 2945.00, 551506, 154
707, 0, 160, 272, 200, 0, 16.96%, 0, 0, 9, 30.36, 557604, 154
712, 0, 224, 272, 200, 0, 16.96%, 0, 0, 9, 355.00, 560443, 154
717, 0, 13, 272, 200, 0, 16.96%, 0, 0, 9, 2840.00, 564377, 154
722, 0, 210, 272, 199, 0, 16.96%, 0, 0, 9, 1785.95, 570311, 154
728, 0, 212, 272, 199, 0, 16.96%, 0, 0, 9, 21.28, 573779, 154
733, 0, 212, 272, 199, 0, 16.96%, 0, 0, 9, 1986.79, 582200, 154
738, 0, 225, 272, 199, 0, 16.96%, 0, 0, 9, 38.54, 587819, 154
744, 0, 224, 272, 199, 0, 16.96%, 0, 0, 9, 8.90, 591767, 154
749, 0, 224, 272, 199, 0, 16.96%, 0, 0, 9, 9.20, 591816, 154
754, 0, 224, 272, 199, 0, 16.96%, 0, 0, 9, 1856.73, 594942, 154
759, 0, 126, 272, 199, 0, 16.96%, 0, 0, 9, 1654.09, 602744, 154
764, 0, 210, 272, 199, 0, 16.96%, 0, 0, 9, 892.65, 607331, 154
771, 1, 46, 272, 199, 0, 16.96%, 0, 0, 9, 23.13, 611521, 154
776, 1, 181, 273, 200, 0, 16.96%, 0, 0, 9, 1148.63, 616890, 154
782, 1, 137, 274, 201, 0, 16.96%, 0, 0, 9, 8.52, 620864, 154
787, 1, 137, 274, 201, 0, 16.96%, 0, 0, 9, 8.77, 620910, 154
792, 1, 221, 274, 201, 0, 16.96%, 0, 0, 9, 3005.24, 628480, 154
798, 1, 232, 274, 201, 0, 16.96%, 0, 0, 9, 33.58, 631368, 154
803, 1, 13, 274, 201, 0, 16.96%, 0, 0, 9, 657.07, 634785, 154
808, 1, 60, 275, 201, 0, 16.96%, 0, 0, 9, 1104.47, 639991, 154
813, 1, 57, 275, 200, 0, 16.96%, 0, 0, 9, 1574.05, 643299, 154
818, 1, 161, 277, 201, 0, 16.96%, 0, 0, 9, 1774.49, 653045, 154
823, 1, 54, 278, 202, 0, 16.96%, 0, 0, 9, 2773.12, 659869, 154
828, 1, 13, 278, 202, 0, 16.96%, 0, 0, 9, 529.07, 662726, 154
833, 1, 181, 278, 201, 0, 16.96%, 0, 0, 9, 1707.32, 669371, 154
840, 1, 232, 279, 201, 0, 16.96%, 0, 0, 9, 162.61, 678397, 154
845, 1, 224, 279, 201, 0, 16.96%, 0, 0, 9, 1043.82, 683059, 154
850, 1, 13, 279, 201, 0, 16.96%, 0, 0, 9, 452.37, 685723, 154
855, 1, 13, 279, 201, 0, 16.96%, 0, 0, 9, 476.92, 687348, 154
860, 1, 235, 279, 201, 0, 16.96%, 0, 0, 9, 680.85, 688920, 154
865, 1, 13, 279, 200, 0, 16.96%, 0, 0, 9, 305.99, 692629, 154
870, 1, 13, 279, 200, 0, 16.96%, 0, 0, 9, 23.27, 693395, 154
876, 1, 118, 279, 200, 0, 16.96%, 0, 0, 9, 28.30, 694829, 154
881, 1, 0, 279, 199, 0, 16.96%, 0, 0, 9, 654.09, 701100, 154
886, 1, 223, 280, 199, 0, 16.96%, 0, 0, 9, 395.33, 705769, 154
891, 1, 160, 280, 199, 0, 16.96%, 0, 0, 9, 742.13, 707985, 154
896, 1, 62, 280, 199, 0, 16.96%, 0, 0, 9, 1266.21, 715091, 154
901, 1, 231, 283, 202, 0, 16.96%, 0, 0, 9, 1203.04, 721714, 154
906, 1, 202, 283, 201, 0, 16.96%, 0, 0, 9, 33.25, 725807, 154
912, 1, 39, 283, 201, 0, 16.96%, 0, 0, 9, 1679.68, 727545, 154
917, 1, 39, 283, 201, 0, 16.96%, 0, 0, 9, 29.18, 730302, 154
922, 1, 282, 286, 204, 0, 16.96%, 0, 0, 9, 892.31, 734980, 154
927, 1, 282, 286, 204, 0, 16.96%, 0, 0, 9, 1018.58, 740788, 154
933, 1, 46, 286, 203, 0, 16.96%, 0, 0, 9, 1290.31, 747158, 154
938, 1, 232, 286, 203, 0, 16.96%, 0, 0, 9, 24.13, 751636, 154
943, 1, 256, 291, 208, 0, 16.96%, 0, 0, 9, 2104.40, 757815, 154
948, 1, 225, 293, 209, 0, 16.96%, 0, 0, 9, 380.71, 768938, 154
954, 1, 221, 293, 209, 0, 16.96%, 0, 0, 9, 499.08, 775090, 154
959, 1, 195, 293, 209, 0, 16.96%, 0, 0, 9, 2825.00, 776806, 154
966, 1, 40, 293, 207, 0, 16.96%, 0, 0, 9, 95.33, 780837, 154
971, 1, 126, 294, 207, 0, 16.96%, 0, 0, 9, 322.17, 787585, 154
976, 1, 111, 294, 206, 0, 16.96%, 0, 0, 9, 1713.05, 795247, 154
981, 1, 13, 294, 205, 0, 16.96%, 0, 0, 9, 248.32, 797217, 154
986, 1, 13, 294, 205, 0, 16.96%, 0, 0, 9, 14.34, 797910, 154
991, 1, 132, 294, 205, 0, 16.96%, 0, 0, 9, 1753.09, 802670, 154
996, 1, 132, 294, 205, 0, 16.96%, 0, 0, 9, 17.31, 803461, 154
1002, 1, 39, 294, 205, 0, 16.96%, 0, 0, 9, 38.62, 805620, 154
1007, 1, 134, 294, 205, 0, 16.96%, 0, 0, 9, 1087.24, 810490, 154
1012, 1, 181, 294, 205, 0, 16.96%, 0, 0, 9, 45.48, 814363, 154
1017, 1, 225, 294, 205, 0, 16.96%, 0, 0, 9, 1735.29, 816784, 154
1023, 1, 46, 294, 205, 0, 16.96%, 0, 0, 9, 1647.88, 822928, 154
1028, 1, 212, 294, 204, 0, 16.96%, 0, 0, 9, 1529.54, 830013, 154
1033, 1, 13, 295, 205, 0, 16.96%, 0, 0, 9, 163.29, 836796, 154
1038, 1, 13, 295, 205, 0, 16.96%, 0, 0, 9, 18.38, 838079, 154
1043, 1, 13, 295, 205, 0, 16.96%, 0, 0, 9, 17.98, 838171, 154
1050, 1, 13, 295, 205, 0, 16.96%, 0, 0, 9, 27.61, 839619, 154
1056, 1, 13, 295, 205, 0, 16.96%, 0, 0, 9, 18.86, 839697, 154
1061, 1, 54, 295, 205, 0, 16.96%, 0, 0, 9, 1392.78, 840679, 154
1066, 1, 179, 295, 205, 0, 16.96%, 0, 0, 9, 2657.23, 845748, 154
1071, 1, 281, 295, 205, 0, 16.96%, 0, 0, 9, 1526.39, 852810, 154
1076, 1, 230, 295, 203, 0, 16.96%, 0, 0, 9, 544.86, 859196, 154
1082, 1, 223, 295, 203, 0, 16.96%, 0, 0, 9, 1249.95, 866754, 154
1087, 1, 148, 295, 203, 0, 16.96%, 0, 0, 9, 14.02, 869562, 154
1092, 1, 148, 295, 203, 0, 16.96%, 0, 0, 9, 10.97, 869610, 154
1097, 1, 212, 296, 204, 0, 16.96%, 0, 0, 9, 2530.28, 876951, 154
1102, 1, 156, 296, 204, 0, 16.96%, 0, 0, 9, 563.84, 881704, 154
1107, 1, 34, 296, 204, 0, 16.96%, 0, 0, 9, 22.73, 885674, 154
1113, 1, 13, 296, 202, 0, 16.96%, 0, 0, 9, 116.79, 894809, 154
1118, 1, 13, 296, 202, 0, 16.96%, 0, 0, 9, 907.98, 897693, 154
1123, 1, 144, 296, 202, 0, 16.96%, 0, 0, 9, 171.30, 906361, 154
1130, 1, 232, 297, 203, 0, 16.96%, 0, 0, 9, 63.91, 908101, 154
1135, 1, 81, 297, 201, 0, 16.96%, 0, 0, 9, 81.06, 913065, 154
1140, 1, 233, 298, 201, 0, 16.96%, 0, 0, 9, 1127.06, 920771, 154
1146, 1, 221, 298, 200, 0, 16.96%, 0, 0, 9, 217.70, 924873, 154
1151, 1, 225, 298, 199, 0, 16.96%, 0, 0, 9, 4268.66, 930076, 154
1156, 1, 13, 298, 198, 0, 16.96%, 0, 0, 9, 747.19, 938257, 154
1161, 1, 179, 298, 198, 0, 16.96%, 0, 0, 9, 1176.12, 943935, 154
1166, 1, 232, 298, 198, 0, 16.96%, 0, 0, 9, 410.00, 949126, 154
1172, 1, 232, 298, 198, 0, 16.96%, 0, 0, 9, 19.21, 949965, 154
1177, 1, 212, 298, 197, 0, 16.96%, 0, 0, 9, 36.16, 954057, 154
1182, 1, 13, 298, 197, 0, 16.96%, 0, 0, 9, 157.41, 956695, 154
1187, 1, 232, 298, 197, 0, 16.96%, 0, 0, 9, 966.90, 962309, 154
1192, 1, 212, 298, 197, 0, 16.96%, 0, 0, 9, 2473.46, 964117, 154
1197, 1, 46, 298, 197, 0, 16.96%, 0, 0, 9, 239.04, 970395, 154
1202, 1, 237, 298, 197, 0, 16.96%, 0, 0, 9, 28.48, 971950, 154
1208, 1, 13, 298, 196, 0, 16.96%, 0, 0, 9, 270.60, 977224, 154
1213, 1, 13, 298, 196, 0, 16.96%, 0, 0, 9, 17.25, 978237, 154
1218, 1, 13, 298, 196, 0, 16.96%, 0, 0, 9, 541.22, 979098, 154
1223, 1, 13, 298, 196, 0, 16.96%, 0, 0, 9, 10.30, 979583, 154
1228, 1, 13, 298, 196, 0, 16.96%, 0, 0, 9, 9.83, 979630, 154
1234, 1, 13, 298, 196, 0, 16.96%, 0, 0, 9, 11.27, 979690, 154
1239, 1, 212, 298, 196, 0, 16.96%, 0, 0, 9, 1630.90, 983314, 154
1244, 1, 134, 298, 196, 0, 16.96%, 0, 0, 9, 676.53, 986013, 154
1249, 1, 212, 298, 196, 0, 16.96%, 0, 0, 9, 19.01, 988045, 154
1254, 1, 13, 298, 196, 0, 16.96%, 0, 0, 9, 236.89, 992642, 154
1259, 1, 166, 298, 196, 0, 16.96%, 0, 0, 9, 1391.29, 998073, 154
1265, 1, 46, 298, 196, 0, 16.96%, 0, 0, 9, 227.32, 1002929, 154
1270, 1, 46, 298, 196, 0, 16.96%, 0, 0, 9, 1188.93, 1011360, 154
1275, 1, 13, 298, 196, 0, 16.96%, 0, 0, 9, 912.78, 1015445, 154
1281, 1, 46, 299, 196, 0, 16.96%, 0, 0, 9, 185.83, 1022448, 154
1286, 1, 232, 299, 196, 0, 16.96%, 0, 0, 9, 32.87, 1024273, 154
1291, 1, 192, 299, 196, 0, 16.96%, 0, 0, 9, 1564.32, 1030435, 154
1296, 1, 13, 299, 194, 0, 16.96%, 0, 0, 9, 258.30, 1034814, 154
1301, 1, 13, 299, 194, 0, 16.96%, 0, 0, 9, 548.50, 1036360, 154
1306, 1, 157, 299, 193, 0, 16.96%, 0, 0, 9, 1468.13, 1043906, 154
1312, 1, 225, 299, 192, 0, 16.96%, 0, 0, 9, 17.70, 1046032, 154
1317, 1, 126, 299, 192, 0, 16.96%, 0, 0, 9, 1203.81, 1049909, 154
1322, 1, 225, 299, 192, 0, 16.96%, 0, 0, 9, 1324.27, 1057119, 154
1327, 1, 224, 299, 192, 0, 16.96%, 0, 0, 9, 1979.14, 1062367, 154
1332, 1, 225, 299, 192, 0, 16.96%, 0, 0, 9, 622.64, 1065459, 154
1337, 1, 225, 299, 192, 0, 16.96%, 0, 0, 9, 44.86, 1065913, 154
1343, 1, 134, 300, 193, 0, 16.96%, 0, 0, 9, 3039.87, 1072782, 154
1351, 1, 134, 300, 193, 0, 16.96%, 0, 0, 9, 10.13, 1072865, 154
1356, 1, 160, 300, 193, 0, 16.96%, 0, 0, 9, 1131.73, 1075168, 154
1361, 1, 181, 300, 193, 0, 16.96%, 0, 0, 9, 1414.08, 1080021, 154
1367, 1, 146, 300, 193, 0, 16.96%, 0, 0, 9, 21.01, 1084253, 154
1372, 1, 181, 300, 193, 0, 16.96%, 0, 0, 9, 3531.22, 1089719, 154
1377, 1, 13, 300, 193, 0, 16.96%, 0, 0, 9, 739.02, 1095331, 154
1382, 1, 179, 300, 193, 0, 16.96%, 0, 0, 9, 103.61, 1099994, 154
1387, 1, 181, 300, 193, 0, 16.96%, 0, 0, 9, 3981.25, 1103619, 154
1393, 2, 60, 300, 192, 0, 16.96%, 0, 0, 9, 1014.11, 1111003, 154
1398, 2, 13, 300, 192, 0, 16.96%, 0, 0, 9, 638.25, 1114513, 154
1403, 2, 94, 300, 192, 0, 16.96%, 0, 0, 9, 1272.71, 1119412, 154
1408, 2, 224, 301, 192, 0, 16.96%, 0, 0, 9, 714.29, 1123619, 154
1413, 2, 212, 301, 192, 0, 16.96%, 0, 0, 9, 67.94, 1126768, 154
1418, 2, 149, 301, 190, 0, 16.96%, 0, 0, 9, 1929.80, 1131766, 154
1423, 2, 13, 305, 193, 0, 16.96%, 0, 0, 9, 252.26, 1144207, 154
1428, 2, 62, 305, 193, 0, 16.96%, 0, 0, 9, 1731.02, 1149597, 154
1433, 2, 212, 305, 193, 0, 16.96%, 0, 0, 9, 27.53, 1153911, 154
1439, 2, 212, 305, 193, 0, 16.96%, 0, 0, 9, 23.89, 1154277, 154
1444, 2, 224, 306, 194, 0, 16.96%, 0, 0, 9, 1050.21, 1159743, 154
1449, 2, 46, 307, 195, 0, 17.07%, 0, 0, 9, 1474.82, 1167942, 155
1454, 2, 151, 307, 194, 0, 17.07%, 0, 0, 9, 25.00, 1170478, 155
1460, 2, 62, 307, 193, 0, 17.07%, 0, 0, 9, 16.47, 1174451, 155
1465, 2, 54, 307, 193, 0, 17.07%, 0, 0, 9, 405.53, 1177228, 155
1470, 2, 13, 307, 193, 0, 17.07%, 0, 0, 9, 1802.32, 1179992, 155
1475, 2, 63, 307, 193, 0, 17.07%, 0, 0, 9, 65.25, 1186159, 155
1481, 2, 156, 307, 193, 0, 17.07%, 0, 0, 9, 169.89, 1193174, 155
1486, 2, 225, 307, 193, 0, 17.07%, 0, 0, 9, 689.55, 1195596, 155
1491, 2, 13, 307, 193, 0, 17.07%, 0, 0, 9, 248.13, 1198944, 155
1496, 2, 13, 307, 193, 0, 17.07%, 0, 0, 9, 27.53, 1200802, 155
1502, 2, 13, 307, 193, 0, 17.07%, 0, 0, 9, 17.69, 1200869, 155
1507, 2, 13, 307, 193, 0, 17.07%, 0, 0, 9, 966.65, 1201880, 155
1512, 2, 225, 307, 192, 0, 17.07%, 0, 0, 9, 2569.69, 1210919, 155
1517, 2, 225, 307, 192, 0, 17.07%, 0, 0, 9, 142.38, 1212476, 155
1522, 2, 13, 307, 191, 0, 17.07%, 0, 0, 9, 309.21, 1218378, 155
1528, 2, 13, 308, 192, 0, 17.07%, 0, 0, 9, 9.27, 1220945, 155
1533, 2, 13, 308, 192, 0, 17.07%, 0, 0, 9, 11.26, 1221011, 155
1538, 2, 13, 308, 192, 0, 17.07%, 0, 0, 9, 10.85, 1221068, 155
1544, 2, 208, 308, 191, 0, 17.07%, 0, 0, 9, 2095.88, 1227231, 155
1549, 2, 166, 308, 191, 0, 17.07%, 0, 0, 9, 1942.03, 1229691, 155
1554, 2, 13, 308, 191, 0, 17.07%, 0, 0, 9, 687.22, 1235858, 155
1565, 2, 208, 308, 191, 0, 17.07%, 0, 0, 9, 61.74, 1242076, 155
1570, 2, 224, 309, 192, 0, 17.07%, 0, 0, 9, 17.57, 1246528, 155
1575, 2, 307, 310, 193, 0, 17.07%, 0, 0, 9, 384.79, 1250110, 155
1580, 2, 307, 310, 193, 0, 17.07%, 0, 0, 9, 339.65, 1251591, 155
1585, 2, 307, 310, 193, 0, 17.07%, 0, 0, 9, 729.28, 1254015, 155
1590, 2, 225, 310, 193, 0, 17.07%, 0, 0, 9, 1215.10, 1259810, 155
1596, 2, 40, 310, 193, 0, 17.07%, 0, 0, 9, 675.30, 1261934, 155
1601, 2, 46, 310, 193, 0, 17.07%, 0, 0, 9, 1267.66, 1265605, 155
1606, 2, 60, 310, 193, 0, 17.07%, 0, 0, 9, 2366.98, 1270333, 155
1611, 2, 210, 310, 192, 0, 17.07%, 0, 0, 9, 565.36, 1277654, 155
1616, 2, 65, 310, 192, 0, 17.07%, 0, 0, 9, 1499.36, 1282582, 155
1623, 2, 13, 310, 192, 0, 17.07%, 0, 0, 9, 7.11, 1285368, 155
1628, 2, 13, 310, 192, 0, 17.07%, 0, 0, 9, 7.70, 1285409, 155
1633, 2, 13, 310, 192, 0, 17.07%, 0, 0, 9, 7.35, 1285445, 155
1638, 2, 13, 310, 192, 0, 17.07%, 0, 0, 9, 7.19, 1285481, 155
1644, 2, 13, 310, 192, 0, 17.07%, 0, 0, 9, 969.46, 1285865, 155
1649, 2, 94, 310, 192, 0, 17.07%, 0, 0, 9, 171.12, 1291329, 155
1654, 2, 223, 310, 192, 0, 17.07%, 0, 0, 9, 22.64, 1294750, 155
1659, 2, 151, 310, 192, 0, 17.07%, 0, 0, 9, 1860.17, 1297550, 155
1664, 2, 202, 310, 192, 0, 17.07%, 0, 0, 9, 1534.77, 1304255, 155
1670, 2, 148, 310, 192, 0, 17.07%, 0, 0, 9, 2007.15, 1307803, 155
1675, 2, 94, 310, 192, 0, 17.07%, 0, 0, 9, 497.06, 1310199, 155
1680, 2, 13, 310, 191, 0, 17.07%, 0, 0, 9, 1356.73, 1317976, 155
1685, 2, 306, 310, 190, 0, 17.07%, 0, 0, 9, 1062.32, 1322432, 155
1693, 2, 306, 311, 191, 0, 17.07%, 0, 0, 9, 3.21, 1322807, 155
1698, 2, 306, 311, 191, 0, 17.07%, 0, 0, 9, 288.03, 1324259, 155
1703, 2, 306, 311, 191, 0, 17.07%, 0, 0, 9, 466.73, 1325675, 155
1708, 2, 306, 311, 191, 0, 17.07%, 0, 0, 9, 360.06, 1327141, 155
1713, 2, 232, 311, 191, 0, 17.07%, 0, 0, 9, 28.06, 1330471, 155
1718, 2, 101, 311, 190, 0, 17.07%, 0, 0, 9, 2920.40, 1336093, 155
1723, 2, 181, 311, 189, 0, 17.07%, 0, 0, 9, 2722.18, 1343281, 155
1728, 2, 157, 311, 189, 0, 17.07%, 0, 0, 9, 1187.80, 1345691, 155
1734, 2, 212, 311, 188, 0, 17.07%, 0, 0, 9, 31.27, 1350676, 155
1739, 2, 232, 311, 188, 0, 17.07%, 0, 0, 9, 1178.36, 1356910, 155
1744, 2, 57, 311, 188, 0, 17.07%, 0, 0, 9, 1058.64, 1358794, 155
1749, 2, 284, 314, 191, 0, 17.07%, 0, 0, 9, 1965.77, 1364169, 155
1754, 2, 200, 315, 191, 0, 17.07%, 0, 0, 9, 1721.38, 1371319, 155
1759, 2, 224, 315, 189, 0, 17.07%, 0, 0, 9, 186.30, 1377074, 155
1765, 2, 11, 315, 189, 0, 17.07%, 0, 0, 9, 178.11, 1380559, 155
1770, 2, 46, 315, 188, 0, 17.07%, 0, 0, 9, 559.11, 1383021, 155
1775, 2, 13, 315, 188, 0, 17.07%, 0, 0, 9, 1034.34, 1389470, 155
1780, 2, 13, 315, 188, 0, 17.07%, 0, 0, 9, 1000.15, 1393211, 155
1785, 2, 13, 315, 188, 0, 17.07%, 0, 0, 9, 197.87, 1396192, 155
1791, 2, 13, 315, 187, 0, 17.07%, 0, 0, 9, 507.08, 1401635, 155
1796, 2, 151, 315, 187, 0, 17.07%, 0, 0, 9, 40.55, 1404006, 155
1802, 2, 46, 315, 187, 0, 17.07%, 0, 0, 9, 83.97, 1410731, 155
1807, 2, 210, 315, 187, 0, 17.07%, 0, 0, 9, 17.24, 1414324, 155
1812, 2, 13, 315, 187, 0, 17.07%, 0, 0, 9, 170.27, 1418006, 155
1817, 2, 101, 315, 187, 0, 17.07%, 0, 0, 9, 1305.53, 1421475, 155
1823, 2, 208, 315, 187, 0, 17.07%, 0, 0, 9, 14.56, 1423789, 155
1828, 2, 221, 315, 187, 0, 17.07%, 0, 0, 9, 203.78, 1426011, 155
1833, 2, 160, 315, 187, 0, 17.07%, 0, 0, 9, 15.64, 1428503, 155
1838, 2, 212, 315, 187, 0, 17.07%, 0, 0, 9, 25.60, 1432790, 155
1844, 2, 212, 316, 188, 0, 17.07%, 0, 0, 9, 44.28, 1435492, 155
1849, 2, 13, 316, 188, 0, 17.07%, 0, 0, 9, 839.29, 1439590, 155
1854, 2, 46, 316, 188, 0, 17.07%, 0, 0, 9, 25.21, 1443921, 155
1859, 2, 13, 316, 188, 0, 17.07%, 0, 0, 9, 494.27, 1449360, 155
1864, 2, 307, 316, 188, 0, 17.07%, 0, 0, 9, 217.04, 1452343, 155
1869, 2, 181, 316, 188, 0, 17.07%, 0, 0, 9, 2843.69, 1456146, 155
1874, 2, 208, 316, 188, 0, 17.07%, 0, 0, 9, 1714.98, 1459932, 155
1879, 2, 181, 316, 188, 0, 17.07%, 0, 0, 9, 15.23, 1461793, 155
1884, 2, 57, 316, 188, 0, 17.07%, 0, 0, 9, 1293.43, 1466564, 155
1891, 2, 218, 316, 188, 0, 17.07%, 0, 0, 9, 45.94, 1469647, 155
1897, 2, 218, 316, 188, 0, 17.07%, 0, 0, 9, 7.60, 1469690, 155
1902, 2, 151, 316, 187, 0, 17.07%, 0, 0, 9, 1556.97, 1473077, 155
1907, 2, 126, 316, 187, 0, 17.07%, 0, 0, 9, 8.43, 1474103, 155
1912, 2, 166, 316, 187, 0, 17.07%, 0, 0, 9, 2634.85, 1478710, 155
1917, 2, 62, 317, 187, 0, 17.07%, 0, 0, 9, 335.40, 1486268, 155
1922, 2, 94, 317, 185, 0, 17.07%, 0, 0, 9, 913.51, 1494396, 155
1928, 2, 230, 317, 185, 0, 17.07%, 0, 0, 9, 117.25, 1500051, 155
1934, 2, 13, 317, 185, 0, 17.07%, 0, 0, 9, 508.25, 1501412, 155
1939, 2, 157, 317, 185, 0, 17.07%, 0, 0, 9, 2060.06, 1507302, 155
1944, 2, 221, 317, 185, 0, 17.07%, 0, 0, 9, 38.77, 1513270, 155
1949, 2, 225, 317, 185, 0, 17.07%, 0, 0, 9, 77.12, 1515917, 155
1954, 2, 46, 317, 184, 0, 17.07%, 0, 0, 9, 2256.81, 1518829, 155
1959, 2, 126, 319, 185, 0, 17.07%, 0, 0, 9, 493.40, 1525139, 155
1965, 2, 46, 319, 185, 0, 17.07%, 0, 0, 9, 184.22, 1526888, 155
1970, 2, 210, 319, 185, 0, 17.07%, 0, 0, 9, 1901.25, 1533156, 155
1976, 2, 230, 319, 185, 0, 17.07%, 0, 0, 9, 126.62, 1540045, 155
1981, 2, 230, 319, 185, 0, 17.07%, 0, 0, 9, 17.63, 1540910, 155
1986, 2, 232, 319, 185, 0, 17.07%, 0, 0, 9, 24.93, 1542380, 155
1991, 2, 166, 319, 185, 0, 17.07%, 0, 0, 9, 466.07, 1544896, 155
1996, 2, 13, 320, 186, 0, 17.07%, 0, 0, 9, 890.33, 1550938, 155
2001, 2, 202, 320, 186, 0, 17.07%, 0, 0, 9, 852.36, 1554682, 155
2007, 2, 305, 320, 186, 0, 17.07%, 0, 0, 9, 1640.50, 1557760, 155
2012, 2, 13, 320, 185, 0, 17.07%, 0, 0, 9, 353.81, 1562541, 155
2017, 2, 314, 322, 187, 0, 17.07%, 0, 0, 10, 2596.39, 1569505, 155
2022, 2, 144, 323, 187, 0, 17.07%, 0, 0, 10, 31.28, 1572856, 155
2029, 2, 134, 323, 187, 0, 17.07%, 0, 0, 10, 19.86, 1576746, 155
2034, 2, 13, 323, 187, 0, 17.07%, 0, 0, 10, 186.50, 1581839, 155
2039, 2, 13, 323, 187, 0, 17.07%, 0, 0, 10, 12.46, 1584209, 155
2044, 2, 13, 323, 187, 0, 17.07%, 0, 0, 10, 116.28, 1586154, 155
2049, 2, 13, 324, 188, 0, 17.07%, 0, 0, 10, 1229.57, 1589461, 155
2055, 2, 146, 324, 188, 0, 17.07%, 0, 0, 10, 1268.67, 1593676, 155
2060, 2, 230, 324, 188, 0, 17.07%, 0, 0, 10, 1661.32, 1597728, 155
2066, 2, 13, 324, 188, 0, 17.07%, 0, 0, 10, 101.30, 1603334, 155
2071, 2, 101, 324, 188, 0, 17.07%, 0, 0, 10, 850.95, 1606557, 155
2076, 2, 225, 324, 188, 0, 17.07%, 0, 0, 10, 1659.74, 1616508, 155
2081, 2, 13, 324, 188, 0, 17.07%, 0, 0, 10, 422.18, 1619053, 155
2086, 2, 13, 324, 188, 0, 17.07%, 0, 0, 10, 13.51, 1620881, 155
2091, 2, 72, 324, 188, 0, 17.07%, 0, 0, 10, 1034.41, 1623379, 155
2096, 2, 148, 324, 188, 0, 17.07%, 0, 0, 10, 21.50, 1629344, 155
2101, 2, 189, 324, 188, 0, 17.07%, 0, 0, 10, 573.80, 1633376, 155
2106, 2, 307, 324, 188, 0, 17.07%, 0, 0, 10, 948.05, 1637941, 155
2111, 2, 229, 324, 188, 0, 17.07%, 0, 0, 10, 2058.82, 1641876, 155
2117, 2, 306, 324, 188, 0, 17.07%, 0, 0, 10, 252.03, 1645072, 155
2122, 2, 306, 324, 188, 0, 17.07%, 0, 0, 10, 8.42, 1645216, 155
2127, 3, 307, 324, 188, 0, 17.07%, 0, 0, 10, 203.97, 1649470, 155
2133, 3, 224, 324, 188, 0, 17.07%, 0, 0, 10, 890.72, 1653791, 155
2138, 3, 224, 324, 188, 0, 17.07%, 0, 0, 10, 400.00, 1653959, 155
2143, 3, 219, 324, 188, 0, 17.07%, 0, 0, 10, 2866.06, 1658379, 155
2148, 3, 13, 324, 187, 0, 17.07%, 0, 0, 10, 13.42, 1659899, 155
2153, 3, 13, 324, 187, 0, 17.07%, 0, 0, 10, 631.07, 1660363, 155
2158, 3, 13, 324, 187, 0, 17.07%, 0, 0, 10, 8.99, 1661666, 155
2163, 3, 230, 324, 187, 0, 17.07%, 0, 0, 10, 196.07, 1662814, 155
2169, 3, 166, 324, 187, 0, 17.07%, 0, 0, 10, 1425.88, 1670328, 155
2174, 3, 54, 324, 187, 0, 17.07%, 0, 0, 10, 1261.83, 1674542, 155
2179, 3, 232, 324, 187, 0, 17.07%, 0, 0, 10, 30.73, 1676997, 155
2185, 3, 225, 324, 187, 0, 17.07%, 0, 0, 10, 168.20, 1680362, 155
2190, 3, 225, 324, 187, 0, 17.07%, 0, 0, 10, 26.07, 1680497, 155
2195, 3, 144, 324, 187, 0, 17.07%, 0, 0, 10, 20.09, 1682218, 155
2200, 3, 210, 325, 187, 0, 17.07%, 0, 0, 10, 1515.57, 1690144, 155
2205, 3, 181, 325, 186, 0, 17.07%, 0, 0, 10, 1545.31, 1697937, 155
2210, 3, 232, 325, 186, 0, 17.07%, 0, 0, 10, 2523.60, 1705934, 155
2215, 3, 273, 325, 186, 0, 17.07%, 0, 0, 10, 292.34, 1707880, 155
2221, 3, 212, 325, 185, 0, 17.07%, 0, 0, 10, 806.99, 1710650, 155
2226, 3, 202, 325, 185, 0, 17.07%, 0, 0, 10, 1376.88, 1718490, 155
2231, 3, 225, 325, 185, 0, 17.07%, 0, 0, 10, 17.87, 1720799, 155
2236, 3, 218, 325, 185, 0, 17.07%, 0, 0, 10, 552.33, 1726721, 155
2241, 3, 46, 325, 185, 0, 17.07%, 0, 0, 10, 46.51, 1729577, 155
2247, 3, 212, 326, 186, 0, 17.07%, 0, 0, 10, 198.05, 1732669, 155
2252, 3, 212, 326, 186, 0, 17.07%, 0, 0, 10, 21.11, 1733042, 155
2257, 3, 144, 326, 186, 0, 17.07%, 0, 0, 10, 25.21, 1735408, 155
2263, 3, 13, 326, 186, 0, 17.07%, 0, 0, 10, 1210.33, 1738996, 155
2268, 3, 225, 326, 186, 0, 17.07%, 0, 0, 10, 44.96, 1740853, 155
2273, 3, 225, 326, 186, 0, 17.07%, 0, 0, 10, 18.75, 1741629, 155
2278, 3, 13, 326, 186, 0, 17.07%, 0, 0, 10, 1050.00, 1744799, 155
2283, 3, 13, 326, 186, 0, 17.07%, 0, 0, 10, 8.79, 1746464, 155
2288, 3, 13, 326, 186, 0, 17.07%, 0, 0, 10, 9.36, 1746512, 155
2293, 3, 13, 326, 186, 0, 17.07%, 0, 0, 10, 9.72, 1746562, 155
2298, 3, 73, 326, 186, 0, 17.07%, 0, 0, 10, 1174.96, 1752323, 155
2303, 3, 57, 326, 184, 0, 17.07%, 0, 0, 10, 194.57, 1761260, 155
2308, 3, 181, 328, 185, 0, 17.07%, 0, 0, 10, 2921.93, 1769798, 155
2313, 3, 269, 329, 185, 0, 17.07%, 0, 0, 10, 601.09, 1777495, 155
2319, 3, 46, 329, 184, 0, 17.07%, 0, 0, 10, 106.29, 1783659, 155
2324, 3, 81, 329, 184, 0, 17.07%, 0, 0, 10, 189.29, 1785664, 155
2329, 3, 13, 329, 184, 0, 17.07%, 0, 0, 10, 941.26, 1788267, 155
2335, 3, 13, 329, 184, 0, 17.07%, 0, 0, 10, 48.33, 1789588, 155
2340, 3, 266, 329, 184, 0, 17.07%, 0, 0, 10, 3971.60, 1795552, 155
2345, 3, 189, 329, 184, 0, 17.07%, 0, 0, 10, 1389.71, 1799158, 155
2350, 3, 13, 329, 184, 0, 17.07%, 0, 0, 10, 1505.79, 1806346, 155
2357, 3, 223, 329, 183, 0, 17.07%, 0, 0, 10, 235.23, 1814880, 155
2362, 3, 224, 329, 183, 0, 17.07%, 0, 0, 10, 18.80, 1817457, 155
2367, 3, 13, 329, 183, 0, 17.07%, 0, 0, 10, 159.61, 1821705, 155
2372, 3, 13, 329, 183, 0, 17.07%, 0, 0, 10, 55.93, 1824783, 155
2377, 3, 81, 330, 184, 0, 17.07%, 0, 0, 10, 938.04, 1827288, 155
2382, 3, 13, 330, 184, 0, 17.07%, 0, 0, 10, 1094.59, 1831062, 155
2387, 3, 46, 330, 183, 0, 17.07%, 0, 0, 10, 43.34, 1834678, 155
2393, 3, 212, 330, 183, 0, 17.07%, 0, 0, 10, 1143.69, 1837402, 155
2398, 3, 232, 330, 183, 0, 17.07%, 0, 0, 10, 16.62, 1841124, 155
2404, 3, 46, 330, 183, 0, 17.07%, 0, 0, 10, 93.73, 1843537, 155
2409, 3, 266, 330, 183, 0, 17.07%, 0, 0, 10, 1292.62, 1850533, 155
2414, 3, 13, 330, 183, 0, 17.07%, 0, 0, 10, 240.28, 1857023, 155
2421, 3, 181, 330, 183, 0, 17.07%, 0, 0, 10, 10.47, 1861453, 155
2426, 3, 299, 330, 183, 0, 17.07%, 0, 0, 10, 1042.59, 1863616, 155
2431, 3, 57, 330, 182, 0, 17.07%, 0, 0, 10, 2768.56, 1867710, 155
2436, 3, 225, 330, 182, 0, 17.07%, 0, 0, 10, 16.60, 1873534, 155
2441, 3, 225, 330, 182, 0, 17.07%, 0, 0, 10, 66.60, 1876052, 155
2447, 3, 13, 330, 182, 0, 17.07%, 0, 0, 10, 654.52, 1878824, 155
2452, 3, 39, 330, 182, 0, 17.07%, 0, 0, 10, 1113.20, 1881463, 155
2457, 3, 13, 330, 182, 0, 17.07%, 0, 0, 10, 59.63, 1883173, 155
2462, 3, 13, 330, 182, 0, 17.07%, 0, 0, 10, 524.91, 1884670, 155
2467, 3, 187, 330, 182, 0, 17.07%, 0, 0, 10, 24.81, 1888743, 155
2472, 3, 149, 330, 181, 0, 17.07%, 0, 0, 10, 1431.15, 1894704, 155
2477, 3, 181, 330, 181, 0, 17.07%, 0, 0, 10, 23.92, 1900606, 155
2482, 3, 166, 330, 180, 0, 17.07%, 0, 0, 10, 1171.56, 1903955, 155
2487, 3, 232, 330, 180, 0, 17.07%, 0, 0, 10, 3035.26, 1908353, 155
2492, 3, 157, 330, 180, 0, 17.07%, 0, 0, 10, 19.27, 1912536, 155
2498, 3, 263, 330, 180, 0, 17.07%, 0, 0, 10, 1317.18, 1918495, 155
2503, 3, 225, 330, 180, 0, 17.07%, 0, 0, 10, 40.37, 1922948, 155
2508, 3, 101, 330, 180, 0, 17.07%, 0, 0, 10, 3201.36, 1928241, 155
2513, 3, 208, 330, 180, 0, 17.07%, 0, 0, 10, 2910.00, 1932670, 155
2518, 3, 62, 330, 180, 0, 17.07%, 0, 0, 10, 1253.21, 1937158, 155
2523, 3, 13, 330, 180, 0, 17.07%, 0, 0, 10, 926.22, 1941361, 155
2529, 3, 144, 330, 180, 0, 17.07%, 0, 0, 10, 17.82, 1943021, 155
2534, 3, 217, 330, 180, 0, 17.07%, 0, 0, 10, 17.81, 1945864, 155
2539, 3, 126, 330, 180, 0, 17.07%, 0, 0, 10, 959.57, 1951325, 155
2544, 3, 39, 330, 180, 0, 17.07%, 0, 0, 10, 3163.77, 1957478, 155
2549, 3, 223, 330, 180, 0, 17.07%, 0, 0, 10, 1136.72, 1962005, 155
2570, 3, 40, 330, 180, 0, 17.07%, 0, 0, 10, 1.67, 1966452, 155
2575, 3, 40, 330, 180, 0, 17.07%, 0, 0, 10, 1.78, 1966462, 155
2581, 3, 202, 330, 180, 0, 17.07%, 0, 0, 10, 24.62, 1969424, 155
2586, 3, 62, 330, 180, 0, 17.07%, 0, 0, 10, 1126.94, 1977230, 155
2591, 3, 134, 330, 180, 0, 17.07%, 0, 0, 10, 20.86, 1981129, 155
2596, 3, 160, 330, 179, 0, 17.07%, 0, 0, 10, 47.24, 1984372, 155
2601, 3, 225, 330, 179, 0, 17.07%, 0, 0, 10, 21.06, 1986430, 155
2607, 3, 13, 330, 179, 0, 17.07%, 0, 0, 10, 63.89, 1991751, 155
2612, 3, 224, 330, 179, 0, 17.07%, 0, 0, 10, 1290.27, 1997293, 155
2617, 3, 134, 330, 178, 0, 17.07%, 0, 0, 10, 23.85, 2000447, 155
2622, 3, 221, 330, 178, 0, 17.07%, 0, 0, 10, 32.99, 2003092, 155
2627, 3, 202, 330, 178, 0, 17.07%, 0, 0, 10, 787.00, 2009895, 155
2632, 3, 94, 330, 178, 0, 17.07%, 0, 0, 10, 2734.52, 2012088, 155
2638, 3, 13, 330, 178, 0, 17.07%, 0, 0, 10, 269.34, 2016181, 155
2643, 3, 232, 330, 178, 0, 17.07%, 0, 0, 10, 293.07, 2020769, 155
2648, 3, 13, 330, 178, 0, 17.07%, 0, 0, 10, 629.01, 2024753, 155
2653, 3, 217, 330, 178, 0, 17.07%, 0, 0, 10, 1300.66, 2032161, 155
2658, 3, 212, 330, 178, 0, 17.07%, 0, 0, 10, 894.10, 2035339, 155
2664, 3, 60, 330, 178, 0, 17.07%, 0, 0, 10, 1.35, 2038316, 155
2669, 3, 60, 330, 178, 0, 17.07%, 0, 0, 10, 1.42, 2038324, 155
2675, 3, 60, 330, 178, 0, 17.07%, 0, 0, 10, 1.74, 2038335, 155
2680, 3, 60, 330, 178, 0, 17.07%, 0, 0, 10, 1.75, 2038344, 155
2685, 3, 154, 330, 178, 0, 17.07%, 0, 0, 10, 1300.43, 2041944, 155
2690, 3, 232, 330, 178, 0, 17.07%, 0, 0, 10, 7.15, 2045116, 155
2695, 3, 232, 330, 178, 0, 17.07%, 0, 0, 10, 975.18, 2045973, 155
2701, 3, 46, 331, 178, 0, 17.07%, 0, 0, 10, 80.95, 2053697, 155
2707, 3, 46, 331, 178, 0, 17.07%, 0, 0, 10, 2.85, 2054027, 155
2712, 3, 46, 331, 178, 0, 17.07%, 0, 0, 10, 2.88, 2054043, 155
2717, 3, 13, 331, 178, 0, 17.07%, 0, 0, 10, 138.52, 2055386, 155
2723, 3, 13, 331, 178, 0, 17.07%, 0, 0, 10, 15.75, 2055816, 155
2728, 3, 13, 331, 178, 0, 17.07%, 0, 0, 10, 15.34, 2055889, 155
2733, 3, 13, 331, 178, 0, 17.07%, 0, 0, 10, 37.70, 2056691, 155
2738, 3, 13, 331, 178, 0, 17.07%, 0, 0, 10, 28.73, 2056835, 155
2743, 3, 13, 331, 178, 0, 17.07%, 0, 0, 10, 89.11, 2057327, 155
2748, 3, 146, 331, 178, 0, 17.07%, 0, 0, 10, 41.14, 2061369, 155
2754, 3, 46, 331, 178, 0, 17.07%, 0, 0, 10, 20.29, 2062552, 155
2759, 3, 160, 331, 178, 0, 17.07%, 0, 0, 10, 445.00, 2063661, 155
2764, 3, 40, 331, 178, 0, 17.07%, 0, 0, 10, 83.58, 2065533, 155
2772, 3, 179, 331, 177, 0, 17.07%, 0, 0, 10, 10.85, 2070390, 155
2778, 3, 179, 331, 177, 0, 17.07%, 0, 0, 10, 31.13, 2070915, 155
2783, 3, 144, 331, 177, 0, 17.07%, 0, 0, 10, 119.17, 2074409, 155
2788, 3, 224, 331, 177, 0, 17.07%, 0, 0, 10, 20.41, 2077244, 155
2794, 3, 151, 331, 177, 0, 17.07%, 0, 0, 10, 1322.63, 2084176, 155
2799, 3, 161, 331, 177, 0, 17.07%, 0, 0, 10, 467.81, 2088709, 155
2805, 3, 46, 332, 177, 0, 17.07%, 0, 0, 10, 138.86, 2096619, 155
2810, 3, 46, 332, 177, 0, 17.07%, 0, 0, 10, 2970.00, 2103197, 155
2815, 3, 160, 332, 177, 0, 17.07%, 0, 0, 10, 971.46, 2106411, 155
2820, 3, 13, 332, 177, 0, 17.07%, 0, 0, 10, 2000.27, 2111621, 155
2825, 3, 218, 332, 177, 0, 17.07%, 0, 0, 10, 42.60, 2116606, 155
2830, 3, 151, 332, 177, 0, 17.07%, 0, 0, 10, 64.95, 2118179, 155
2836, 3, 225, 332, 177, 0, 17.07%, 0, 0, 10, 24.35, 2121202, 155
2841, 3, 263, 333, 178, 0, 17.07%, 0, 0, 10, 3214.34, 2127914, 155
2846, 3, 40, 334, 179, 0, 17.07%, 0, 0, 10, 680.12, 2131257, 155
2851, 3, 134, 334, 179, 0, 17.07%, 0, 0, 10, 36.12, 2134312, 155
2856, 3, 160, 334, 179, 0, 17.07%, 0, 0, 10, 939.10, 2142019, 155
2861, 3, 62, 334, 178, 0, 17.07%, 0, 0, 10, 3737.18, 2147123, 155
2866, 3, 212, 334, 178, 0, 17.07%, 0, 0, 10, 29.43, 2151712, 155
2871, 3, 57, 334, 178, 0, 17.07%, 0, 0, 10, 919.20, 2158997, 155
2876, 3, 13, 334, 178, 0, 17.07%, 0, 0, 10, 844.94, 2161992, 155
2882, 4, 212, 334, 178, 0, 17.07%, 0, 0, 10, 18.14, 2165211, 155
2887, 4, 189, 334, 177, 0, 17.07%, 0, 0, 10, 1116.74, 2170743, 155
2892, 4, 230, 334, 177, 0, 17.07%, 0, 0, 10, 34.48, 2177299, 155
2897, 4, 160, 334, 177, 0, 17.07%, 0, 0, 10, 45.58, 2179125, 155
2903, 4, 46, 334, 177, 0, 17.07%, 0, 0, 10, 1.58, 2179738, 155
2908, 4, 46, 334, 177, 0, 17.07%, 0, 0, 10, 1.71, 2179748, 155
2914, 4, 46, 334, 177, 0, 17.07%, 0, 0, 10, 1.77, 2179758, 155
2919, 4, 46, 334, 177, 0, 17.07%, 0, 0, 10, 1.70, 2179767, 155
2924, 4, 148, 334, 177, 0, 17.07%, 0, 0, 10, 68.45, 2181343, 155
2935, 4, 46, 334, 177, 0, 17.07%, 0, 0, 10, 29.05, 2182464, 155
2940, 4, 46, 334, 177, 0, 17.07%, 0, 0, 10, 3.27, 2182474, 155
2946, 4, 46, 334, 177, 0, 17.07%, 0, 0, 10, 2.75, 2182484, 155
2951, 4, 270, 335, 178, 0, 17.07%, 0, 0, 10, 2725.78, 2186080, 155
2956, 4, 154, 335, 175, 0, 17.07%, 0, 0, 10, 2725.08, 2193321, 155
2961, 4, 13, 335, 174, 0, 17.07%, 0, 0, 10, 545.94, 2196791, 155
2966, 4, 160, 335, 174, 0, 17.07%, 0, 0, 10, 1060.00, 2201122, 155
2972, 4, 151, 335, 174, 0, 17.07%, 0, 0, 10, 2840.52, 2206664, 155
2977, 4, 13, 335, 174, 0, 17.07%, 0, 0, 10, 1508.47, 2214262, 155
2982, 4, 39, 335, 174, 0, 17.07%, 0, 0, 10, 11.97, 2216381, 155
2987, 4, 307, 335, 174, 0, 17.07%, 0, 0, 10, 377.03, 2224432, 155
2992, 4, 13, 335, 174, 0, 17.07%, 0, 0, 10, 396.13, 2228277, 155
2997, 4, 13, 335, 174, 0, 17.07%, 0, 0, 10, 7.08, 2229418, 155
3002, 4, 13, 335, 174, 0, 17.07%, 0, 0, 10, 8.18, 2229464, 155
3008, 4, 13, 335, 174, 0, 17.07%, 0, 0, 10, 8.06, 2229505, 155
3013, 4, 13, 335, 174, 0, 17.07%, 0, 0, 10, 8.65, 2229553, 155
3018, 4, 300, 336, 175, 0, 17.07%, 0, 0, 10, 1478.21, 2235009, 155
3023, 4, 166, 336, 173, 0, 17.07%, 0, 0, 10, 260.32, 2240446, 155
3028, 4, 202, 336, 173, 0, 17.07%, 0, 0, 10, 23.77, 2243711, 155
3033, 4, 230, 336, 173, 0, 17.07%, 0, 0, 10, 1661.94, 2248912, 155
3039, 4, 225, 337, 174, 0, 17.07%, 0, 0, 10, 1813.94, 2257305, 155
3046, 4, 24, 337, 174, 0, 17.07%, 0, 0, 10, 10.58, 2263187, 155
3051, 4, 263, 339, 174, 0, 17.07%, 0, 0, 10, 2409.40, 2276176, 155
3056, 4, 224, 339, 174, 0, 17.07%, 0, 0, 10, 19.97, 2279851, 155
3061, 4, 181, 339, 174, 0, 17.07%, 0, 0, 10, 23.64, 2282425, 155
3066, 4, 232, 339, 173, 0, 17.07%, 0, 0, 10, 3294.32, 2289501, 155
3071, 4, 232, 339, 173, 0, 17.07%, 0, 0, 10, 1645.00, 2293055, 155
3076, 4, 134, 339, 173, 0, 17.07%, 0, 0, 10, 445.00, 2296171, 155
3081, 4, 46, 339, 173, 0, 17.07%, 0, 0, 10, 1280.03, 2303636, 155
3086, 4, 13, 339, 173, 0, 17.07%, 0, 0, 10, 2855.00, 2306046, 155
3092, 4, 13, 339, 173, 0, 17.07%, 0, 0, 10, 37.42, 2306906, 155
3097, 4, 13, 339, 173, 0, 17.07%, 0, 0, 10, 24.03, 2307011, 155
3102, 4, 13, 339, 173, 0, 17.07%, 0, 0, 10, 1018.69, 2309482, 155
3107, 4, 46, 339, 173, 0, 17.07%, 0, 0, 10, 1602.64, 2317304, 155
3112, 4, 146, 339, 173, 0, 17.07%, 0, 0, 10, 440.00, 2319723, 155
3118, 4, 46, 339, 173, 0, 17.07%, 0, 0, 10, 19.85, 2325191, 155
3123, 4, 65, 339, 173, 0, 17.07%, 0, 0, 10, 570.19, 2326512, 155
3128, 4, 232, 339, 172, 0, 17.07%, 0, 0, 10, 28.48, 2329073, 155
3133, 4, 132, 339, 171, 0, 17.07%, 0, 0, 10, 975.17, 2335110, 155
3138, 4, 13, 339, 171, 0, 17.07%, 0, 0, 10, 994.35, 2340274, 155
3144, 4, 126, 339, 171, 0, 17.07%, 0, 0, 10, 387.93, 2344502, 155
3150, 4, 46, 339, 170, 0, 17.07%, 0, 0, 10, 183.53, 2351620, 155
3155, 4, 40, 339, 170, 0, 17.07%, 0, 0, 10, 8.09, 2352775, 155
3160, 4, 31, 339, 169, 0, 17.07%, 0, 0, 10, 1630.00, 2357205, 155
3165, 4, 13, 339, 168, 0, 17.07%, 0, 0, 10, 686.22, 2361825, 155
3170, 4, 126, 339, 168, 0, 17.07%, 0, 0, 10, 1088.76, 2366697, 155
3175, 4, 46, 339, 168, 0, 17.07%, 0, 0, 10, 1342.15, 2371110, 155
3180, 4, 212, 339, 168, 0, 17.07%, 0, 0, 10, 119.57, 2376621, 155
3185, 4, 13, 339, 168, 0, 17.07%, 0, 0, 10, 162.04, 2381850, 155
3190, 4, 13, 339, 168, 0, 17.07%, 0, 0, 10, 268.42, 2385605, 155
3195, 4, 13, 339, 168, 0, 17.07%, 0, 0, 10, 115.75, 2387891, 155
3201, 4, 179, 339, 167, 0, 17.07%, 0, 0, 10, 1021.77, 2393598, 155
3206, 4, 225, 339, 167, 0, 17.07%, 0, 0, 10, 23.71, 2395423, 155
3211, 4, 225, 339, 167, 0, 17.07%, 0, 0, 10, 17.80, 2395864, 155
3217, 4, 223, 339, 167, 0, 17.07%, 0, 0, 10, 24.37, 2397258, 155
3223, 4, 72, 339, 166, 0, 17.07%, 0, 0, 10, 299.30, 2402424, 155
3228, 4, 223, 339, 166, 0, 17.07%, 0, 0, 10, 28.72, 2404398, 155
3233, 4, 40, 339, 166, 0, 17.07%, 0, 0, 10, 2930.00, 2412169, 155
3238, 4, 181, 340, 167, 0, 17.07%, 0, 0, 10, 3612.79, 2420167, 155
3243, 4, 13, 340, 167, 0, 17.07%, 0, 0, 10, 402.75, 2423647, 155
3248, 4, 204, 340, 167, 0, 17.07%, 0, 0, 10, 2885.00, 2428341, 155
3253, 4, 134, 340, 166, 0, 17.07%, 0, 0, 10, 53.25, 2435577, 155
3259, 4, 13, 341, 167, 0, 17.07%, 0, 0, 10, 259.49, 2439686, 155
3265, 4, 13, 341, 167, 0, 17.07%, 0, 0, 10, 44.46, 2441923, 155
3270, 4, 13, 341, 167, 0, 17.07%, 0, 0, 10, 327.77, 2442510, 155
3275, 4, 13, 341, 167, 0, 17.07%, 0, 0, 10, 37.42, 2442884, 155
3281, 4, 13, 341, 167, 0, 17.07%, 0, 0, 10, 8.62, 2443815, 155
3286, 4, 13, 341, 167, 0, 17.07%, 0, 0, 10, 313.41, 2444088, 155
3292, 4, 13, 341, 167, 0, 17.07%, 0, 0, 10, 0.92, 2444158, 155
3297, 4, 13, 341, 167, 0, 17.07%, 0, 0, 10, 0.98, 2444164, 155
3302, 4, 13, 341, 167, 0, 17.07%, 0, 0, 10, 0.98, 2444169, 155
3307, 4, 13, 341, 167, 0, 17.07%, 0, 0, 10, 0.94, 2444173, 155
3312, 4, 13, 341, 167, 0, 17.07%, 0, 0, 10, 0.95, 2444178, 155
3318, 4, 13, 341, 167, 0, 17.07%, 0, 0, 10, 0.91, 2444182, 155
3323, 4, 13, 341, 167, 0, 17.07%, 0, 0, 10, 0.92, 2444187, 155
3328, 4, 13, 341, 167, 0, 17.07%, 0, 0, 10, 0.89, 2444191, 155
3333, 4, 13, 341, 167, 0, 17.07%, 0, 0, 10, 0.87, 2444195, 155
3338, 4, 13, 341, 167, 0, 17.07%, 0, 0, 10, 0.89, 2444200, 155
3343, 4, 13, 341, 167, 0, 17.07%, 0, 0, 10, 0.92, 2444205, 155
3348, 4, 13, 341, 167, 0, 17.07%, 0, 0, 10, 0.93, 2444210, 155
3354, 4, 13, 341, 167, 0, 17.07%, 0, 0, 10, 0.94, 2444216, 155
3359, 4, 13, 341, 167, 0, 17.07%, 0, 0, 10, 1.03, 2444223, 155
3366, 4, 13, 341, 167, 0, 17.07%, 0, 0, 10, 1.01, 2444229, 155
3371, 4, 13, 341, 167, 0, 17.07%, 0, 0, 10, 1.09, 2444236, 155
3376, 4, 13, 341, 167, 0, 17.07%, 0, 0, 10, 1.12, 2444242, 155
3381, 4, 13, 341, 167, 0, 17.07%, 0, 0, 10, 1.17, 2444249, 155
3386, 4, 13, 341, 167, 0, 17.07%, 0, 0, 10, 1.13, 2444254, 155
3391, 4, 13, 341, 167, 0, 17.07%, 0, 0, 10, 1.22, 2444262, 155
3396, 4, 13, 341, 167, 0, 17.07%, 0, 0, 10, 1.16, 2444267, 155
3401, 4, 13, 341, 167, 0, 17.07%, 0, 0, 10, 1.16, 2444273, 155
3407, 4, 13, 341, 167, 0, 17.07%, 0, 0, 10, 1.24, 2444281, 155
3412, 4, 13, 341, 167, 0, 17.07%, 0, 0, 10, 1.22, 2444287, 155
3417, 4, 13, 341, 167, 0, 17.07%, 0, 0, 10, 1.12, 2444291, 155
3422, 4, 13, 341, 167, 0, 17.07%, 0, 0, 10, 1.15, 2444297, 155
3427, 4, 13, 341, 167, 0, 17.07%, 0, 0, 10, 1.05, 2444300, 155
3432, 4, 13, 341, 167, 0, 17.07%, 0, 0, 10, 1.04, 2444305, 155
3437, 4, 13, 341, 167, 0, 17.07%, 0, 0, 10, 0.98, 2444309, 155
3442, 4, 13, 341, 167, 0, 17.07%, 0, 0, 10, 0.98, 2444314, 155
3447, 4, 13, 341, 167, 0, 17.07%, 0, 0, 10, 1.06, 2444321, 155
3453, 4, 46, 341, 167, 0, 17.07%, 0, 0, 10, 31.58, 2444977, 155
3458, 4, 46, 341, 167, 0, 17.07%, 0, 0, 10, 3.27, 2445002, 155
3464, 4, 46, 341, 167, 0, 17.07%, 0, 0, 10, 91.70, 2445115, 155
3469, 4, 156, 341, 167, 0, 17.07%, 0, 0, 10, 344.79, 2446468, 155
3475, 4, 13, 341, 167, 0, 17.07%, 0, 0, 10, 385.47, 2448513, 155
3480, 4, 13, 341, 167, 0, 17.07%, 0, 0, 10, 393.31, 2448858, 155
3486, 4, 13, 341, 167, 0, 17.07%, 0, 0, 10, 13.97, 2449100, 155
3491, 4, 13, 341, 167, 0, 17.07%, 0, 0, 10, 27.72, 2449606, 155
3497, 4, 13, 341, 167, 0, 17.07%, 0, 0, 10, 27.19, 2450136, 155
3502, 4, 13, 341, 167, 0, 17.07%, 0, 0, 10, 3.43, 2450168, 155
3507, 4, 13, 341, 167, 0, 17.07%, 0, 0, 10, 3.73, 2450192, 155
3512, 4, 13, 341, 167, 0, 17.07%, 0, 0, 10, 3.50, 2450207, 155
3517, 4, 13, 341, 167, 0, 17.07%, 0, 0, 10, 4.11, 2450238, 155
3522, 4, 13, 341, 167, 0, 17.07%, 0, 0, 10, 15.02, 2450285, 155
3527, 4, 13, 341, 167, 0, 17.07%, 0, 0, 10, 7.48, 2450302, 155
3533, 4, 13, 341, 167, 0, 17.07%, 0, 0, 10, 24.84, 2450861, 155
3538, 4, 13, 341, 167, 0, 17.07%, 0, 0, 10, 66.20, 2451404, 155
3544, 4, 263, 341, 167, 0, 17.07%, 0, 0, 10, 39.59, 2452657, 155
3549, 4, 263, 341, 167, 0, 17.07%, 0, 0, 10, 403.29, 2453939, 155
3555, 4, 224, 341, 167, 0, 17.07%, 0, 0, 10, 28.95, 2454574, 155
3560, 4, 224, 341, 167, 0, 17.07%, 0, 0, 10, 285.09, 2455710, 155
3566, 4, 57, 341, 167, 0, 17.07%, 0, 0, 10, 295.99, 2456819, 155
3572, 4, 57, 341, 167, 0, 17.07%, 0, 0, 10, 18.11, 2457566, 155
3577, 4, 40, 341, 167, 0, 17.07%, 0, 0, 10, 9.35, 2458279, 155
3582, 4, 46, 341, 167, 0, 17.07%, 0, 0, 10, 210.36, 2459357, 155
3588, 4, 13, 341, 167, 0, 17.07%, 0, 0, 10, 60.65, 2460686, 155
3594, 4, 13, 341, 167, 0, 17.07%, 0, 0, 10, 25.49, 2460978, 155
3601, 4, 13, 341, 167, 0, 17.07%, 0, 0, 10, 29.82, 2461595, 155
3606, 4, 13, 341, 167, 0, 17.07%, 0, 0, 10, 48.03, 2462057, 155
3612, 4, 13, 341, 167, 0, 17.07%, 0, 0, 10, 20.81, 2462487, 155
3617, 4, 13, 341, 167, 0, 17.07%, 0, 0, 10, 1.82, 2462630, 155
3623, 4, 13, 341, 167, 0, 17.07%, 0, 0, 10, 2.38, 2462646, 155
3628, 4, 13, 341, 167, 0, 17.07%, 0, 0, 10, 2.47, 2462659, 155
3633, 4, 13, 341, 167, 0, 17.07%, 0, 0, 10, 3.01, 2462677, 155
3638, 4, 13, 341, 167, 0, 17.07%, 0, 0, 10, 2.84, 2462690, 155
3643, 4, 13, 341, 167, 0, 17.07%, 0, 0, 10, 2.51, 2462701, 155
3648, 4, 13, 341, 167, 0, 17.07%, 0, 0, 10, 2.79, 2462717, 155
3653, 4, 13, 341, 167, 0, 17.07%, 0, 0, 10, 3.01, 2462734, 155
3658, 4, 13, 341, 167, 0, 17.07%, 0, 0, 10, 2.52, 2462744, 155
3664, 4, 13, 341, 167, 0, 17.07%, 0, 0, 10, 2.83, 2462762, 155
3669, 4, 13, 341, 167, 0, 17.07%, 0, 0, 10, 2.56, 2462774, 155
3674, 4, 13, 341, 167, 0, 17.07%, 0, 0, 10, 2.42, 2462785, 155
3680, 4, 13, 341, 167, 0, 17.07%, 0, 0, 10, 50.03, 2462890, 155
3686, 4, 13, 341, 167, 0, 17.07%, 0, 0, 10, 58.29, 2463494, 155
3692, 4, 13, 341, 167, 0, 17.07%, 0, 0, 10, 36.18, 2463829, 155
3697, 4, 94, 341, 167, 0, 17.07%, 0, 0, 10, 376.04, 2464665, 155
3703, 4, 13, 341, 167, 0, 17.07%, 0, 0, 10, 25.62, 2465456, 155
3709, 4, 13, 341, 167, 0, 17.07%, 0, 0, 10, 17.47, 2465744, 155
3714, 4, 13, 341, 167, 0, 17.07%, 0, 0, 10, 29.44, 2465851, 155
3720, 4, 13, 341, 167, 0, 17.07%, 0, 0, 10, 44.40, 2466131, 155
3726, 4, 13, 341, 167, 0, 17.07%, 0, 0, 10, 6.98, 2466788, 155
3732, 4, 13, 341, 167, 0, 17.07%, 0, 0, 10, 41.21, 2467429, 155
3737, 4, 13, 341, 167, 0, 17.07%, 0, 0, 10, 256.41, 2467872, 155
3743, 4, 13, 341, 167, 0, 17.07%, 0, 0, 10, 2.27, 2468364, 155
3748, 4, 13, 341, 167, 0, 17.07%, 0, 0, 10, 29.41, 2468417, 155
3753, 4, 13, 341, 167, 0, 17.07%, 0, 0, 10, 5.09, 2468444, 155
3758, 4, 13, 341, 167, 0, 17.07%, 0, 0, 10, 6.18, 2468495, 155
3765, 4, 13, 341, 167, 0, 17.07%, 0, 0, 10, 39.74, 2468573, 155
3770, 4, 13, 341, 167, 0, 17.07%, 0, 0, 10, 404.00, 2469084, 155
3775, 4, 232, 341, 167, 0, 17.07%, 0, 0, 10, 460.25, 2469452, 155
3780, 4, 232, 341, 167, 0, 17.07%, 0, 0, 10, 460.80, 2470621, 155
3786, 4, 57, 341, 167, 0, 17.07%, 0, 0, 10, 383.90, 2471452, 155
3791, 4, 57, 341, 167, 0, 17.07%, 0, 0, 10, 2.05, 2471809, 155
3797, 4, 57, 341, 167, 0, 17.07%, 0, 0, 10, 2.00, 2471819, 155
3802, 4, 57, 341, 167, 0, 17.07%, 0, 0, 10, 1.97, 2471829, 155
3807, 4, 57, 341, 167, 0, 17.07%, 0, 0, 10, 2.14, 2471841, 155
3812, 4, 57, 341, 167, 0, 17.07%, 0, 0, 10, 325.79, 2473040, 155
3817, 4, 307, 341, 167, 0, 17.07%, 0, 0, 10, 23.26, 2473956, 155
3823, 4, 307, 341, 167, 0, 17.07%, 0, 0, 10, 38.38, 2474170, 155
3829, 4, 307, 341, 167, 0, 17.07%, 0, 0, 10, 14.80, 2474482, 155
3834, 4, 307, 341, 167, 0, 17.07%, 0, 0, 10, 18.84, 2474608, 155
3840, 4, 57, 341, 167, 0, 17.07%, 0, 0, 10, 368.11, 2475750, 155
3845, 4, 179, 341, 167, 0, 17.07%, 0, 0, 10, 28.79, 2476049, 155
3851, 4, 46, 341, 167, 0, 17.07%, 0, 0, 10, 329.61, 2477557, 155
3858, 4, 46, 341, 167, 0, 17.07%, 0, 0, 10, 13.58, 2477802, 155
3865, 4, 46, 341, 167, 0, 17.07%, 0, 0, 10, 0.33, 2477806, 155
3871, 4, 46, 341, 167, 0, 17.07%, 0, 0, 10, 0.34, 2477809, 155
3878, 4, 46, 341, 167, 0, 17.07%, 0, 0, 10, 0.35, 2477812, 155
3884, 4, 46, 341, 167, 0, 17.07%, 0, 0, 10, 0.33, 2477813, 155
3890, 4, 46, 341, 167, 0, 17.07%, 0, 0, 10, 0.35, 2477817, 155
3896, 4, 46, 341, 167, 0, 17.07%, 0, 0, 10, 0.34, 2477818, 155
3903, 4, 46, 341, 167, 0, 17.07%, 0, 0, 10, 0.33, 2477819, 155
3908, 4, 46, 341, 167, 0, 17.07%, 0, 0, 10, 0.32, 2477820, 155
3914, 4, 46, 341, 167, 0, 17.07%, 0, 0, 10, 0.32, 2477822, 155
3925, 4, 46, 341, 167, 0, 17.07%, 0, 0, 10, 0.35, 2477828, 155
3932, 4, 46, 341, 167, 0, 17.07%, 0, 0, 10, 0.35, 2477830, 155
3938, 4, 46, 341, 167, 0, 17.07%, 0, 0, 10, 0.34, 2477831, 155
3944, 4, 46, 341, 167, 0, 17.07%, 0, 0, 10, 0.33, 2477832, 155
3950, 4, 46, 341, 167, 0, 17.07%, 0, 0, 10, 0.32, 2477833, 155
3957, 4, 46, 341, 167, 0, 17.07%, 0, 0, 10, 0.34, 2477837, 155
3963, 4, 46, 341, 167, 0, 17.07%, 0, 0, 10, 0.32, 2477838, 155
3969, 4, 46, 341, 167, 0, 17.07%, 0, 0, 10, 0.31, 2477839, 155
3975, 4, 46, 341, 167, 0, 17.07%, 0, 0, 10, 0.33, 2477843, 155
3981, 4, 217, 341, 167, 0, 17.07%, 0, 0, 10, 30.81, 2479222, 155
3987, 4, 217, 341, 167, 0, 17.07%, 0, 0, 10, 27.32, 2479741, 155
3992, 4, 208, 341, 167, 0, 17.07%, 0, 0, 10, 390.00, 2481281, 155
3997, 4, 208, 341, 167, 0, 17.07%, 0, 0, 10, 447.84, 2482690, 155
4002, 4, 224, 341, 167, 0, 17.07%, 0, 0, 10, 427.86, 2483928, 155
4008, 4, 224, 341, 167, 0, 17.07%, 0, 0, 10, 83.11, 2484475, 155
4013, 4, 224, 341, 167, 0, 17.07%, 0, 0, 10, 2.20, 2484487, 155
4018, 4, 224, 341, 167, 0, 17.07%, 0, 0, 10, 2.38, 2484500, 155
4023, 4, 224, 341, 167, 0, 17.07%, 0, 0, 10, 2.37, 2484512, 155
4028, 4, 224, 341, 167, 0, 17.07%, 0, 0, 10, 2.44, 2484526, 155
4033, 4, 224, 341, 167, 0, 17.07%, 0, 0, 10, 2.22, 2484536, 155
4039, 4, 224, 341, 167, 0, 17.07%, 0, 0, 10, 2.28, 2484548, 155
4044, 4, 224, 341, 167, 0, 17.07%, 0, 0, 10, 12.47, 2484565, 155
4049, 4, 331, 341, 167, 0, 17.07%, 0, 0, 10, 227.90, 2486030, 155
4054, 4, 331, 341, 167, 0, 17.07%, 0, 0, 10, 292.93, 2487605, 155
4061, 4, 212, 341, 166, 0, 17.07%, 0, 0, 10, 335.61, 2488658, 155
4066, 4, 212, 341, 166, 0, 17.07%, 0, 0, 10, 330.51, 2489254, 155
4071, 4, 212, 341, 166, 0, 17.07%, 0, 0, 10, 4.12, 2490178, 155
4076, 4, 212, 341, 166, 0, 17.07%, 0, 0, 10, 4.70, 2490206, 155
4082, 4, 212, 341, 166, 0, 17.07%, 0, 0, 10, 4.89, 2490233, 155
4088, 4, 212, 341, 166, 0, 17.07%, 0, 0, 10, 78.23, 2490408, 155
4093, 4, 161, 341, 166, 0, 17.07%, 0, 0, 10, 44.33, 2491161, 155
4098, 4, 224, 341, 166, 0, 17.07%, 0, 0, 10, 310.90, 2491892, 155
4103, 4, 224, 341, 166, 0, 17.07%, 0, 0, 10, 2.07, 2492128, 155
4109, 4, 224, 341, 166, 0, 17.07%, 0, 0, 10, 2.99, 2492149, 155
4114, 4, 224, 341, 166, 0, 17.07%, 0, 0, 10, 3.63, 2492171, 155
4119, 4, 224, 341, 166, 0, 17.07%, 0, 0, 10, 376.84, 2492749, 155
4124, 4, 224, 341, 166, 0, 17.07%, 0, 0, 10, 2.49, 2492814, 155
4129, 4, 224, 341, 166, 0, 17.07%, 0, 0, 10, 2.24, 2492824, 155
4134, 4, 224, 341, 166, 0, 17.07%, 0, 0, 10, 2.44, 2492837, 155
4139, 4, 224, 341, 166, 0, 17.07%, 0, 0, 10, 2.32, 2492848, 155
4144, 4, 224, 341, 166, 0, 17.07%, 0, 0, 10, 2.55, 2492862, 155
4150, 4, 224, 341, 166, 0, 17.07%, 0, 0, 10, 2.42, 2492874, 155
4155, 4, 224, 341, 166, 0, 17.07%, 0, 0, 10, 41.28, 2492938, 155
4160, 4, 157, 341, 166, 0, 17.07%, 0, 0, 10, 560.56, 2493942, 155
4165, 4, 46, 341, 166, 0, 17.07%, 0, 0, 10, 36.59, 2495250, 155
4171, 4, 212, 341, 166, 0, 17.07%, 0, 0, 10, 56.54, 2496388, 155
4176, 4, 212, 341, 166, 0, 17.07%, 0, 0, 10, 365.77, 2498239, 155
4182, 4, 212, 341, 166, 0, 17.07%, 0, 0, 10, 32.23, 2498668, 155
4187, 4, 212, 341, 166, 0, 17.07%, 0, 0, 10, 1.96, 2498708, 155
4192, 4, 212, 341, 166, 0, 17.07%, 0, 0, 10, 1.94, 2498718, 155
4197, 4, 212, 341, 166, 0, 17.07%, 0, 0, 10, 1.95, 2498728, 155
4202, 4, 212, 341, 166, 0, 17.07%, 0, 0, 10, 1.95, 2498738, 155
4208, 4, 212, 341, 166, 0, 17.07%, 0, 0, 10, 2.04, 2498749, 155
4213, 4, 212, 341, 166, 0, 17.07%, 0, 0, 10, 2.09, 2498760, 155
4218, 4, 212, 341, 166, 0, 17.07%, 0, 0, 10, 2.01, 2498770, 155
4223, 4, 212, 341, 166, 0, 17.07%, 0, 0, 10, 2.01, 2498780, 155
4228, 4, 212, 341, 166, 0, 17.07%, 0, 0, 10, 426.84, 2499213, 155
4234, 4, 148, 341, 166, 0, 17.07%, 0, 0, 10, 35.11, 2500303, 155
4239, 4, 148, 341, 166, 0, 17.07%, 0, 0, 10, 420.05, 2501844, 155
4245, 4, 225, 341, 166, 0, 17.07%, 0, 0, 10, 382.32, 2503258, 155
4250, 4, 225, 341, 166, 0, 17.07%, 0, 0, 10, 3.95, 2503460, 155
4255, 4, 225, 341, 166, 0, 17.07%, 0, 0, 10, 4.50, 2503487, 155
4260, 4, 225, 341, 166, 0, 17.07%, 0, 0, 10, 4.68, 2503512, 155
4267, 4, 263, 341, 166, 0, 17.07%, 0, 0, 10, 46.22, 2504354, 155
4272, 4, 263, 341, 166, 0, 17.07%, 0, 0, 10, 4.39, 2505076, 155
4277, 4, 263, 341, 166, 0, 17.07%, 0, 0, 10, 4.36, 2505098, 155
4282, 4, 263, 341, 166, 0, 17.07%, 0, 0, 10, 3.97, 2505116, 155
4288, 4, 263, 341, 166, 0, 17.07%, 0, 0, 10, 1.05, 2505130, 155
4293, 4, 263, 341, 166, 0, 17.07%, 0, 0, 10, 4.93, 2505149, 155
4298, 4, 263, 341, 166, 0, 17.07%, 0, 0, 10, 123.65, 2505906, 155
4303, 4, 151, 341, 166, 0, 17.07%, 0, 0, 10, 215.28, 2506818, 155
4308, 4, 46, 341, 166, 0, 17.07%, 0, 0, 10, 15.02, 2508232, 155
4315, 4, 230, 341, 166, 0, 17.07%, 0, 0, 10, 11.05, 2509062, 155
4320, 4, 230, 341, 166, 0, 17.07%, 0, 0, 10, 43.03, 2509685, 155
4325, 4, 230, 341, 166, 0, 17.07%, 0, 0, 10, 249.59, 2510060, 155
4330, 4, 221, 341, 166, 0, 17.07%, 0, 0, 10, 424.37, 2510696, 155
4336, 4, 221, 341, 166, 0, 17.07%, 0, 0, 10, 40.90, 2512049, 155
4342, 4, 223, 341, 166, 0, 17.07%, 0, 0, 10, 453.23, 2513287, 155
4347, 4, 223, 341, 166, 0, 17.07%, 0, 0, 10, 1.79, 2513686, 155
4352, 4, 223, 341, 166, 0, 17.07%, 0, 0, 10, 1.94, 2513697, 155
4357, 4, 223, 341, 166, 0, 17.07%, 0, 0, 10, 1.94, 2513707, 155
4363, 4, 223, 341, 166, 0, 17.07%, 0, 0, 10, 1.96, 2513717, 155
4368, 4, 223, 341, 166, 0, 17.07%, 0, 0, 10, 2.03, 2513728, 155
4373, 4, 223, 341, 166, 0, 17.07%, 0, 0, 10, 2.00, 2513738, 155
4378, 4, 223, 341, 166, 0, 17.07%, 0, 0, 10, 2.09, 2513749, 155
4383, 4, 223, 341, 166, 0, 17.07%, 0, 0, 10, 2.09, 2513760, 155
4389, 4, 223, 341, 166, 0, 17.07%, 0, 0, 10, 27.22, 2514521, 155
4394, 4, 181, 341, 166, 0, 17.07%, 0, 0, 10, 474.53, 2515616, 155
4399, 4, 181, 341, 166, 0, 17.07%, 0, 0, 10, 2.02, 2515937, 155
4404, 4, 181, 341, 166, 0, 17.07%, 0, 0, 10, 2.59, 2515953, 155
4409, 4, 181, 341, 166, 0, 17.07%, 0, 0, 10, 4.28, 2515985, 155
4415, 4, 13, 341, 166, 0, 17.07%, 0, 0, 10, 13.09, 2516665, 155
4422, 4, 13, 341, 166, 0, 17.07%, 0, 0, 10, 10.42, 2517082, 155
4428, 4, 13, 341, 166, 0, 17.07%, 0, 0, 10, 7.19, 2517466, 155
4433, 4, 13, 341, 166, 0, 17.07%, 0, 0, 10, 21.95, 2517791, 155
4439, 4, 13, 341, 166, 0, 17.07%, 0, 0, 10, 31.84, 2518983, 155
4444, 4, 13, 341, 166, 0, 17.07%, 0, 0, 10, 110.76, 2519909, 155
4450, 4, 221, 341, 166, 0, 17.07%, 0, 0, 10, 413.07, 2521037, 155
4455, 4, 221, 341, 166, 0, 17.07%, 0, 0, 10, 11.19, 2521783, 155
4460, 4, 221, 341, 166, 0, 17.07%, 0, 0, 10, 2.70, 2521802, 155
4465, 4, 221, 341, 166, 0, 17.07%, 0, 0, 10, 17.12, 2521833, 155
4471, 4, 221, 341, 166, 0, 17.07%, 0, 0, 10, 2.47, 2521848, 155
4476, 4, 221, 341, 166, 0, 17.07%, 0, 0, 10, 3.00, 2522133, 155
4481, 4, 221, 341, 166, 0, 17.07%, 0, 0, 10, 21.54, 2522163, 155
4486, 4, 221, 341, 166, 0, 17.07%, 0, 0, 10, 4.48, 2522190, 155
4491, 4, 221, 341, 166, 0, 17.07%, 0, 0, 10, 3.86, 2522205, 155
4496, 4, 221, 341, 166, 0, 17.07%, 0, 0, 10, 3.97, 2522225, 155
4502, 4, 221, 341, 166, 0, 17.07%, 0, 0, 10, 4.23, 2522247, 155
4507, 4, 221, 341, 166, 0, 17.07%, 0, 0, 10, 4.16, 2522267, 155
4512, 4, 161, 341, 166, 0, 17.07%, 0, 0, 10, 131.73, 2522515, 155
4518, 4, 62, 341, 166, 0, 17.07%, 0, 0, 10, 17.44, 2523354, 155
4524, 4, 221, 341, 166, 0, 17.07%, 0, 0, 10, 5.91, 2524230, 155
4529, 4, 221, 341, 166, 0, 17.07%, 0, 0, 10, 453.54, 2524895, 155
4534, 4, 144, 341, 166, 0, 17.07%, 0, 0, 10, 37.95, 2526252, 155
4539, 4, 144, 341, 166, 0, 17.07%, 0, 0, 10, 19.01, 2526847, 155
4545, 4, 144, 341, 166, 0, 17.07%, 0, 0, 10, 6.25, 2526891, 155
4550, 4, 144, 341, 166, 0, 17.07%, 0, 0, 10, 13.27, 2527470, 155
4556, 4, 39, 341, 166, 0, 17.07%, 0, 0, 10, 430.84, 2528866, 155
4561, 4, 39, 341, 166, 0, 17.07%, 0, 0, 10, 0.83, 2528966, 155
4566, 4, 39, 341, 166, 0, 17.07%, 0, 0, 10, 0.82, 2528970, 155
4571, 4, 39, 341, 166, 0, 17.07%, 0, 0, 10, 0.81, 2528974, 155
4576, 4, 39, 341, 166, 0, 17.07%, 0, 0, 10, 0.90, 2528980, 155
4581, 4, 39, 341, 166, 0, 17.07%, 0, 0, 10, 1.10, 2528989, 155
4587, 4, 39, 341, 166, 0, 17.07%, 0, 0, 10, 1.05, 2528995, 155
4594, 4, 39, 341, 166, 0, 17.07%, 0, 0, 10, 1.03, 2529001, 155
4599, 4, 39, 341, 166, 0, 17.07%, 0, 0, 10, 0.98, 2529005, 155
4605, 4, 225, 341, 166, 0, 17.07%, 0, 0, 10, 28.05, 2530017, 155
4610, 4, 225, 341, 166, 0, 17.07%, 0, 0, 10, 2.46, 2530603, 155
4615, 4, 225, 341, 166, 0, 17.07%, 0, 0, 10, 2.45, 2530616, 155
4620, 4, 225, 341, 166, 0, 17.07%, 0, 0, 10, 3.21, 2530638, 155
4625, 4, 225, 341, 166, 0, 17.07%, 0, 0, 10, 3.87, 2530662, 155
4631, 4, 225, 341, 166, 0, 17.07%, 0, 0, 10, 3.94, 2530682, 155
4637, 4, 225, 341, 166, 0, 17.07%, 0, 0, 10, 18.21, 2531571, 155
4642, 4, 225, 341, 166, 0, 17.07%, 0, 0, 10, 4.56, 2531769, 155
4647, 4, 225, 341, 166, 0, 17.07%, 0, 0, 10, 487.65, 2532615, 155
4652, 4, 225, 341, 166, 0, 17.07%, 0, 0, 10, 2.07, 2532926, 155
4657, 4, 225, 341, 166, 0, 17.07%, 0, 0, 10, 2.32, 2532939, 155
4663, 4, 225, 341, 166, 0, 17.07%, 0, 0, 10, 2.13, 2532949, 155
4668, 4, 225, 341, 166, 0, 17.07%, 0, 0, 10, 2.06, 2532959, 155
4673, 4, 225, 341, 166, 0, 17.07%, 0, 0, 10, 2.19, 2532971, 155
4678, 4, 225, 341, 166, 0, 17.07%, 0, 0, 10, 2.38, 2532985, 155
4683, 4, 225, 341, 166, 0, 17.07%, 0, 0, 10, 2.17, 2532995, 155
4688, 4, 225, 341, 166, 0, 17.07%, 0, 0, 10, 2.06, 2533005, 155
4694, 4, 62, 341, 166, 0, 17.07%, 0, 0, 10, 47.62, 2533463, 155
4699, 4, 72, 341, 166, 0, 17.07%, 0, 0, 10, 383.97, 2534680, 155
4704, 4, 181, 341, 166, 0, 17.07%, 0, 0, 10, 445.01, 2535931, 155
4710, 4, 181, 341, 166, 0, 17.07%, 0, 0, 10, 52.63, 2536741, 155
4717, 4, 181, 341, 166, 0, 17.07%, 0, 0, 10, 321.10, 2537849, 155
4723, 4, 46, 341, 166, 0, 17.07%, 0, 0, 10, 68.65, 2539127, 155
4728, 4, 46, 341, 166, 0, 17.07%, 0, 0, 10, 2.04, 2539427, 155
4733, 4, 46, 341, 166, 0, 17.07%, 0, 0, 10, 2.12, 2539438, 155
4738, 4, 46, 341, 166, 0, 17.07%, 0, 0, 10, 2.21, 2539450, 155
4743, 4, 46, 341, 166, 0, 17.07%, 0, 0, 10, 2.19, 2539461, 155
4749, 4, 46, 341, 166, 0, 17.07%, 0, 0, 10, 1.85, 2539514, 155
4754, 4, 46, 341, 166, 0, 17.07%, 0, 0, 10, 1.97, 2539525, 155
4759, 4, 46, 341, 166, 0, 17.07%, 0, 0, 10, 1.97, 2539535, 155
4764, 4, 46, 341, 166, 0, 17.07%, 0, 0, 10, 2.20, 2539547, 155
4774, 4, 46, 341, 166, 0, 17.07%, 0, 0, 10, 21.89, 2539638, 155
4780, 4, 46, 341, 166, 0, 17.07%, 0, 0, 10, 0.32, 2539640, 155
4786, 4, 46, 341, 166, 0, 17.07%, 0, 0, 10, 0.31, 2539641, 155
4793, 4, 46, 341, 166, 0, 17.07%, 0, 0, 10, 0.31, 2539643, 155
4799, 4, 46, 341, 166, 0, 17.07%, 0, 0, 10, 0.30, 2539644, 155
4805, 4, 46, 341, 166, 0, 17.07%, 0, 0, 10, 0.29, 2539645, 155
4811, 4, 46, 341, 166, 0, 17.07%, 0, 0, 10, 0.29, 2539646, 155
4818, 4, 46, 341, 166, 0, 17.07%, 0, 0, 10, 0.28, 2539647, 155
4824, 4, 46, 341, 166, 0, 17.07%, 0, 0, 10, 0.27, 2539648, 155
4830, 4, 46, 341, 166, 0, 17.07%, 0, 0, 10, 0.26, 2539649, 155
4836, 4, 46, 341, 166, 0, 17.07%, 0, 0, 10, 0.28, 2539652, 155
4843, 4, 46, 341, 166, 0, 17.07%, 0, 0, 10, 0.27, 2539653, 155
4849, 4, 46, 341, 166, 0, 17.07%, 0, 0, 10, 0.26, 2539654, 155
4859, 4, 46, 341, 166, 0, 17.07%, 0, 0, 10, 0.27, 2539657, 155
4868, 4, 46, 341, 166, 0, 17.07%, 0, 0, 10, 0.32, 2539662, 155
4877, 4, 46, 341, 166, 0, 17.07%, 0, 0, 10, 0.33, 2539665, 155
4883, 4, 46, 341, 166, 0, 17.07%, 0, 0, 10, 0.33, 2539667, 155
4893, 4, 46, 341, 166, 0, 17.07%, 0, 0, 10, 0.31, 2539669, 155
4899, 4, 46, 341, 166, 0, 17.07%, 0, 0, 10, 0.31, 2539671, 155
4906, 4, 46, 341, 166, 0, 17.07%, 0, 0, 10, 0.30, 2539672, 155
4912, 4, 46, 341, 166, 0, 17.07%, 0, 0, 10, 0.29, 2539673, 155
4918, 4, 46, 341, 166, 0, 17.07%, 0, 0, 10, 0.29, 2539675, 155
4924, 4, 46, 341, 166, 0, 17.07%, 0, 0, 10, 0.29, 2539676, 155
4927, 4, 46, 341, 166, 0, 17.07%, 0, 0, 10, 0.00, 2539676, 155
